0.03830481
0.09495664
0.08165288
0.07962561
0.08113599
0.08545256
0.08329797
0.11084485
0.10628915
0.10185194
0.10088539
0.09866953
0.13502717
0.09997392
0.09851694
0.09642029
0.09833121
0.10215712
0.09165812
0.07796907
0.08360481
0.08446288
0.07779074
0.07585764
0.07690692
0.08397651
0.08439350
0.08336139
0.07964325
0.07987690
0.08270073
0.08187628
0.08153844
0.07917166
0.08042884
0.08382034
0.08224130
0.08266902
0.07992268
0.08172226
0.08554602
0.07903385
0.07557058
0.07338810
0.07944345
0.08072567
0.08036613
0.08156919
0.07846498
0.13494062
0.09892273
0.09997535
0.10032582
0.10062099
0.09969044
0.08656240
0.08319259
0.08392406
0.08074784
0.07922101
0.08585811
0.08404565
0.08393931
0.08172035
0.07651973
0.07610345
0.08040142
0.07867575
0.08317924
0.08305645
0.07915211
0.08470201
0.08467937
0.07996798
0.07715130
0.07852221
0.08112669
0.08249879
0.08056998
0.08070421
0.07615137
0.07854414
0.08035207
0.08011293
0.08601689
0.07808328
0.09402728
0.08604240
0.07688737
0.07837820
0.10047579
0.08243680
0.09290743
0.08263707
0.07836962
0.13406038
0.09607840
0.11039662
0.11220121
0.09475493
0.11919713
0.10679579
0.08756113
0.09843898
0.09721279
0.08874750
0.13393569
0.10528779
0.10969567
0.09290051
0.11487055
0.09335256
0.08670020
0.08917904
0.11423397
0.10372424
0.11107230
0.11277676
0.10430884
0.09476829
0.09024072
0.11423397
0.08463454
0.09892392
0.09791803
0.10895324
0.09998775
0.09267998
0.10563564
0.10302734
0.09500170
0.10705137
0.09320068
0.13797259
0.10778451
0.08971310
0.08951402
0.09417367
0.10134315
0.09469318
0.09674430
0.11636281
0.09778833
0.10245967
0.08706260
0.12496185
0.10386300
0.11065984
0.09880590
0.08555150
0.12281108
0.09177136
0.09224010
0.10110903
0.09900665
0.10150218
0.11006379
0.09931278
0.09509325
0.10431337
0.11645889
0.10491872
0.10580230
0.11241341
0.08814716
0.09420776
0.08488965
0.11451292
0.11970830
0.08923960
0.09844661
0.10077262
0.08249617
0.10932183
0.10883784
0.09180808
0.10346556
0.09761596
0.10001493
0.10848260
0.11230588
0.12531114
0.09795904
0.09334874
0.08440399
0.09117794
0.09070969
0.09995246
0.08588362
0.08630991
0.10301280
0.09933162
0.08848476
0.09811616
0.10611606
0.11132312
0.08565092
0.09788203
0.09605527
0.09975910
0.09502339
0.11435914
0.10061097
0.13377643
0.10622048
0.08591199
0.11270118
0.08629823
0.08573675
0.08265328
0.08241248
0.09472322
0.09969020
0.08108711
0.10179806
0.10133719
0.10419393
0.09880686
0.10377216
0.09248686
0.09898520
0.09610248
0.08582997
0.10156512
0.08984065
0.08381796
0.10357237
0.09292841
0.08834291
0.08306432
0.09324169
0.08937097
0.08707643
0.09985375
0.09952283
0.08645153
0.10013390
0.08355713
0.10014009
0.09704852
0.09418726
0.09889674
0.08612561
0.11751842
0.09898186
0.11795759
0.08519602
0.10812140
0.10195017
0.09755516
0.10240746
0.10497952
0.10263371
0.10986042
0.08880448
0.10628796
0.09803319
0.10049844
0.10037088
0.09016466
0.09443760
0.09423113
0.11025238
0.08553505
0.08284044
0.09775305
0.09554863
0.09663987
0.10370660
0.08619261
0.09456158
0.10527968
0.08559704
0.10213161
0.09748054
0.10228086
0.09527493
0.12757850
0.11929321
0.11636662
0.09109306
0.08991838
0.09284306
0.10457325
0.10547447
0.10963607
0.09829879
0.09386110
0.08772111
0.08700943
0.09672785
0.08744502
0.09599137
0.08732772
0.09068966
0.09304047
0.09588337
0.09270382
0.09233499
0.10463524
0.14526558
0.08719420
0.08990335
0.09618974
0.08875155
0.09661770
0.11068869
0.13188338
0.10251379
0.08776665
0.10859132
0.09443426
0.10893512
0.08661032
0.09014487
0.11199141
0.08728027
0.08393192
0.09043241
0.08868885
0.09062624
0.09473848
0.08754945
0.12507415
0.09901357
0.09345794
0.11418271
0.10099006
0.10070944
0.09552622
0.09147024
0.10279679
0.09645128
0.10276127
0.08731604
0.10100985
0.09354758
0.08948541
0.10040402
0.12125134
0.09824848
0.08921552
0.09715509
0.10478568
0.08666682
0.09517860
0.09846783
0.10054588
0.09383392
0.10195661
0.09140658
0.09665823
0.09070635
0.08555722
0.08465004
0.08860016
0.09931040
0.09181786
0.10665798
0.12079406
0.09734702
0.09843349
0.09051490
0.08880448
0.09150910
0.08591866
0.08525014
0.08631968
0.09799981
0.09702158
0.08793902
0.08532119
0.14015293
0.09004021
0.09811544
0.10434222
0.08641791
0.12180209
0.08524823
0.11391163
0.12011194
0.10937548
0.10229063
0.08961630
0.09217644
0.08897424
0.09423947
0.09473491
0.11810350
0.09543467
0.09841585
0.09085536
0.12731647
0.11174464
0.09126973
0.10649633
0.12114525
0.09609008
0.09973192
0.09144163
0.11309838
0.09799743
0.08529782
0.09069204
0.10844564
0.09664655
0.10323238
0.11140370
0.11651421
0.10582852
0.08961558
0.10291243
0.09794450
0.09924459
0.10575032
0.10217953
0.10596442
0.11199570
0.09642816
0.10224319
0.10267854
0.09375310
0.11102748
0.12154150
0.10482383
0.11209679
0.10146976
0.10970783
0.10560966
0.09561610
0.08850789
0.09361887
0.10331655
0.09127569
0.08560181
0.08947730
0.10957456
0.10083199
0.09907317
0.09257531
0.09143424
0.09666705
0.10725999
0.08939505
0.09299207
0.12563872
0.10269046
0.09726381
0.08974075
0.10768819
0.08553243
0.11912465
0.10054135
0.09332418
0.09797120
0.11130142
0.13104749
0.09164906
0.08752847
0.08715916
0.11493587
0.09515285
0.11004853
0.09928536
0.09328699
0.09480047
0.10324454
0.10356808
0.10897350
0.10097599
0.08796883
0.08709502
0.09482431
0.08515573
0.10951996
0.12827802
0.13046646
0.10069776
0.10803461
0.08929634
0.10851169
0.12092400
0.09492731
0.09515882
0.09963870
0.10424209
0.11130238
0.08965731
0.09506202
0.10020852
0.10036850
0.11531425
0.09062171
0.10314894
0.09866953
0.08737206
0.11849880
0.09626722
0.08310127
0.09557986
0.09541392
0.09806108
0.10519290
0.10304165
0.09757209
0.09700227
0.10816383
0.12643671
0.08652186
0.09599829
0.12647152
0.10755014
0.10099983
0.11541677
0.08722210
0.10714269
0.10119843
0.08973289
0.08639908
0.09047580
0.10450721
0.10326624
0.08420968
0.09713793
0.09010005
0.09600568
0.10087228
0.09959483
0.09555459
0.09710693
0.08406973
0.08674288
0.09537053
0.09332943
0.09971714
0.09878802
0.08884716
0.08143640
0.09765959
0.09554648
0.10339046
0.10611343
0.13681221
0.10953212
0.10053086
0.10209441
0.09042287
0.09008884
0.09769773
0.08785152
0.08237457
0.08248782
0.08236170
0.11364317
0.08650804
0.09097838
0.09308386
0.11345124
0.09553385
0.11182141
0.10784578
0.09933281
0.09172702
0.09447360
0.09099007
0.10703731
0.09911227
0.09505177
0.08794236
0.10313129
0.09396601
0.09336853
0.11020255
0.09814692
0.09454155
0.09174728
0.09052324
0.08522868
0.09398246
0.09589601
0.08253622
0.11449814
0.12665439
0.09636903
0.10445213
0.09765720
0.09603095
0.09444952
0.08456063
0.09018230
0.11350751
0.09298635
0.10806441
0.09961939
0.10494590
0.10115957
0.09622622
0.08726859
0.12249327
0.09429336
0.09962034
0.11432314
0.10644674
0.09937072
0.11962509
0.11421132
0.09826827
0.09238744
0.11314321
0.12315416
0.09612274
0.10009050
0.10354137
0.10373378
0.09198165
0.09447479
0.09741950
0.10316372
0.12084365
0.09184170
0.08655739
0.10608149
0.10925031
0.12738276
0.10287428
0.11157107
0.10909510
0.11087966
0.08413625
0.11491919
0.09083056
0.09941983
0.10513210
0.08166122
0.10837293
0.09538674
0.09497571
0.11580038
0.09848714
0.10344124
0.10225368
0.09161043
0.12144208
0.08558393
0.10520148
0.11498308
0.09921050
0.11051655
0.09569073
0.10265875
0.10133457
0.09515595
0.11678743
0.11122608
0.09130239
0.08828759
0.10430241
0.12964487
0.10038686
0.10469174
0.09149075
0.09386945
0.09842277
0.09650111
0.10013890
0.11463594
0.11193299
0.09333372
0.09341002
0.09751678
0.10544276
0.10681152
0.08722401
0.10843349
0.10314465
0.10550904
0.11455941
0.09652042
0.10655689
0.10039544
0.10238290
0.09811616
0.09133339
0.09013963
0.10776305
0.10139823
0.10105920
0.10200143
0.10911155
0.10964751
0.09713101
0.09447002
0.09644628
0.11102295
0.09182906
0.10133982
0.11326122
0.09097004
0.09425974
0.09084153
0.09006238
0.10172892
0.10541058
0.10340810
0.09832835
0.13504171
0.11784101
0.10827160
0.10618854
0.09414554
0.10705709
0.09135342
0.10594058
0.10538340
0.10762763
0.12771893
0.11470509
0.10107017
0.10008979
0.10862136
0.09381008
0.10028386
0.13468719
0.08703852
0.08900452
