0.03327775
0.09350467
0.09829402
0.08487940
0.07097888
0.07304311
0.08720851
0.08201766
0.08205724
0.07975149
0.09764218
0.08586502
0.09306741
0.10722399
0.09681129
0.10461235
0.08470178
0.07379913
0.07160878
0.08149910
0.09279823
0.09686184
0.06906104
0.07148504
0.08201933
0.07428932
0.07400560
0.06909990
0.07860518
0.10914183
0.08510923
0.08417225
0.07899857
0.09399462
0.11822152
0.09358239
0.09897065
0.09210944
0.10108757
0.07876348
0.07952046
0.08833265
0.09611940
0.08936214
0.08600545
0.08022833
0.08710313
0.10098648
0.07290602
0.07587767
0.08156013
0.08770323
0.08587623
0.08992720
0.07090497
0.08561587
0.08079958
0.07636452
0.08534741
0.07684302
0.07723641
0.08409262
0.09057760
0.07816410
0.08514667
0.07699585
0.07801533
0.07437921
0.07120156
0.07423711
0.08109617
0.08560538
0.07282972
0.07015848
0.08745742
0.08571482
0.08381295
0.07936907
0.07860994
0.09823132
0.07538223
0.10615587
0.09612942
0.10998678
0.07914996
0.10809374
0.09924531
0.08156705
0.07918787
0.08329391
0.10726953
0.09907579
0.09056735
0.08296490
0.08010960
0.08799839
0.08161402
0.07466602
0.08435941
0.07259703
0.07971811
0.09157491
0.07922935
0.08404469
0.08664322
0.07271504
0.07831478
0.08416653
0.06907153
0.09516740
0.08752704
0.07472968
0.08380795
0.06961799
0.07741332
0.07056046
0.09870529
0.07121849
0.09255075
0.10702682
0.08763075
0.08694005
0.07910061
0.07895541
0.10906458
0.08423495
0.08610797
0.08394098
0.07856226
0.08903742
0.11101651
0.07017684
0.08683062
0.10458016
0.10260201
0.09112287
0.08782911
0.07943916
0.08227730
0.07994413
0.07057261
0.08973837
