0.04269290
0.09910583
0.11715007
0.11646605
0.10352206
0.09176111
0.11431742
0.09461379
0.10740638
0.10902762
0.12752223
0.13155150
0.12809658
0.13597608
0.10871363
0.10081410
0.10854077
0.09308863
0.09402132
0.11075044
0.10468245
0.10684204
0.11474156
0.10032153
0.08886814
0.09255481
0.11244750
0.09624624
0.10027027
0.09215069
0.10091734
0.09838533
0.11910582
0.10775542
0.11313772
0.10275650
0.10077453
0.14688134
0.11798835
0.11901522
0.08995104
0.11013198
0.10255218
0.09822679
0.09370923
0.14558625
0.12301946
0.10311890
0.10348248
0.14931130
0.13812280
0.09561014
0.13380623
0.09553242
0.09191608
0.10911226
0.15381575
0.12088799
0.12122607
0.10374045
0.11969280
0.11557007
0.13069987
0.09592700
0.09548926
0.09986234
0.13720012
0.12916684
0.10056758
0.09588552
0.08948278
0.12292600
0.10764623
0.10319710
0.09580493
0.10970926
0.10755849
0.11813211
0.11303568
0.10687256
0.10285378
0.10138988
0.10110855
0.11275029
0.09800696
0.09116125
0.10086060
0.09807706
0.10554719
0.10931849
0.09805298
0.12875104
0.09628963
0.13621759
0.11728549
0.15481353
0.10159087
0.09177423
0.09694958
0.10163307
0.13566589
0.12152004
0.11827016
0.09234381
0.12870646
0.09465027
0.09798145
0.14034677
0.11669183
0.10945654
0.10785532
0.10795188
0.11120176
0.12182403
0.11774945
0.12332439
0.11304402
0.09980869
0.09836292
0.14749265
0.09933949
0.14812517
0.12823105
0.09936786
0.10621881
0.10920715
0.13636637
0.10167527
0.08913970
0.09529495
0.09516287
0.10604072
0.09581852
0.09615612
0.12576461
0.10569239
0.11409044
0.09515572
0.11068678
0.09457850
0.13634753
0.10465145
0.10700774
0.11366391
0.09126735
0.11013746
0.11876726
0.11618304
0.11978984
0.10834241
0.11325097
0.11640739
0.11982036
0.10214019
0.13032556
0.11673260
0.10871005
0.10683942
0.12915349
0.12707138
0.11185598
0.10879421
0.10075879
0.11758041
0.12240839
0.10245252
0.09199357
0.10654330
0.10589862
0.10807562
0.08821845
0.10397983
0.10848641
0.12374377
0.10386658
0.12153673
0.10670877
0.12798858
0.10683918
0.09946299
0.10628223
0.11701274
0.10494518
0.10684943
0.08801866
0.13524818
0.10500216
0.09790826
0.11669493
0.16788077
0.12348700
0.14203215
0.11818886
0.09809899
0.11640263
0.10329843
0.09214759
0.11717010
0.10234165
0.12859488
0.12070537
0.12054133
0.11275053
0.12914896
0.10773873
0.11341882
0.13011718
0.11372948
0.10773659
0.11355829
0.11036682
0.10586286
0.13685656
0.11102080
0.11783600
0.10774374
0.11240268
0.09092045
0.10390735
0.10869074
0.10114717
0.11422086
0.12193608
0.09242511
0.09656096
0.10894060
0.11431623
0.11102772
0.10752678
0.10098624
0.10060334
0.09261775
0.10615182
0.15275836
0.09461975
0.10790181
0.11147928
0.09891915
0.12500000
0.10270643
0.08948040
0.12047076
0.09550881
0.10694242
0.10961652
0.10773253
0.10593247
0.10666275
0.10206056
0.11870670
0.10137129
0.10895324
0.10139894
0.09690094
0.09636164
0.11158442
0.11283708
0.10435224
0.11240625
0.09168363
0.12045240
0.11560750
0.12542725
0.13353753
0.11277509
0.12008667
0.10659432
0.12626290
0.11179256
0.12560606
0.11070514
0.11832047
0.13574028
0.10765576
0.14784527
0.14783931
0.11160231
0.11278701
0.10615516
0.10707712
0.15026474
0.10975504
0.10032439
0.10549688
0.10628939
0.12628794
0.11815882
0.10376310
0.12998152
0.11517787
0.14519691
0.10580206
0.14246559
0.10458112
0.11620498
0.11175442
0.10662937
0.10101676
0.10037971
0.11812854
0.11827040
0.12957931
0.14118743
0.11494517
0.09804201
0.14908266
0.10035133
0.10794973
0.09201765
0.11883307
0.10541344
0.12993836
0.10629272
0.11442184
0.10522938
0.10246015
0.10318828
0.11654258
0.10264230
0.11413193
0.11922383
0.10517073
0.10473943
0.09101415
0.09956408
0.11553073
0.10578895
0.09599113
0.10802150
0.10008955
0.12174582
0.09430075
0.10936332
0.14404774
0.12440062
0.14687490
0.10138965
0.10943532
0.09439659
0.10809398
0.15095258
0.11442828
0.13353944
0.10188007
0.10544729
0.09085345
0.11775160
0.13234448
0.09976578
0.11023355
0.10481548
0.10278034
0.11036062
0.13324952
0.13756847
0.10927248
0.11250567
0.11508751
0.10007262
0.10428905
0.15214586
0.12054753
0.09678602
0.09276748
0.13508725
0.09430504
0.09470963
0.09037209
0.13392138
0.11162758
0.09689593
0.15027189
0.15582633
0.12355757
0.11880922
0.11410952
0.10976171
0.10583162
0.13003373
0.12256408
0.10175157
0.08863664
0.12034249
0.11450768
0.11911702
0.16313314
0.11860013
0.10666442
0.15024018
0.13037610
0.11107731
0.11059856
0.10615492
0.10556722
0.09869885
0.12575865
0.10387802
0.11703849
0.11900258
0.12939024
0.12729621
0.12484455
0.11522269
0.13148189
0.10472083
0.08919978
0.09228778
0.12956762
