0.02906942
0.09892774
0.09694242
0.09673405
0.07851362
0.08755517
0.09459305
0.08756661
0.10523653
0.08013201
0.08980823
0.09192324
0.08909154
0.08553600
0.09010553
0.09723568
0.12217188
0.11858416
0.12241912
0.10248685
0.09166074
0.12398124
0.09412265
0.10376668
0.10920501
0.08392835
0.08842754
0.10329962
0.10749483
0.11206937
0.10850382
0.11453748
0.10823131
0.09286237
0.09614849
0.08818316
0.09658146
0.09530783
0.08426690
0.08500195
0.09365916
0.12288737
0.07721496
0.08569336
0.08467078
0.09143877
0.08291197
0.08466077
0.10675788
0.10338306
0.09051538
0.09577942
0.11979222
0.12531185
0.12262034
0.10283351
0.10616660
0.12556052
0.09590793
0.09953284
0.13022947
0.09630156
0.10907030
0.09224296
0.07917643
0.09616423
0.09456491
0.08739161
0.09262085
0.09113145
0.08258367
0.12724423
0.08474112
0.13101101
0.11556745
0.10949397
0.09537745
0.09780550
0.09451914
0.10437369
0.08426738
0.08023977
0.11277127
0.11254072
0.10219145
0.08562875
0.08934617
0.11957908
0.11293817
0.09745574
0.09911251
0.07794333
0.09477282
0.10319424
0.08512092
0.08076596
0.09707284
0.09361863
0.07718754
