0.05466700
0.14468598
0.10458064
0.14412665
0.08804607
0.10870266
0.11476922
0.10669923
0.09760618
0.10147762
0.09592366
0.10336161
0.11961913
0.12273479
0.10255075
0.10285950
0.08620834
0.09191871
0.09012246
0.09280348
0.09110212
0.09058046
0.08898163
0.08788443
0.08867645
0.09104538
0.08535981
0.08596253
0.12927079
0.10727358
0.10752130
0.13567281
0.12025952
0.09531379
0.09103680
0.14570475
0.10925674
0.10949969
0.10975742
0.10773396
0.10736489
0.08940768
0.08901477
0.08694124
0.08518958
0.09115076
0.08988547
0.09174633
0.09138656
0.09760141
0.08827806
0.09031081
0.08906436
0.08972359
0.10395980
0.08903575
0.08988786
0.09227395
0.08857822
0.09004927
0.09056139
0.08845258
0.08743429
0.08680415
0.09000731
0.08872271
0.08697748
0.09361053
0.08812046
0.08854437
0.08666325
0.08997369
0.09815717
0.08943224
0.09125900
0.09867334
0.08781457
0.09097290
0.09220648
0.08747172
0.08543205
0.08585835
0.09191155
0.08779764
0.08747458
0.08792901
0.08663487
0.09406614
0.08920765
0.08998656
0.08836174
0.08811021
0.08773184
0.08797026
0.08638668
0.08648705
0.09216332
0.09947014
0.08941412
0.09184742
0.09242630
0.08863282
0.09047556
0.08947897
0.08638167
0.09185791
0.08228326
0.08779407
0.08646965
0.09371042
0.08736157
0.08696961
0.08911180
0.08915782
0.08976817
0.08380127
0.08763409
0.08722639
0.08868003
0.08446860
0.08009315
0.08248353
0.08903193
0.09155011
0.08620954
0.08882403
0.08802915
0.08910537
0.08893394
0.08784699
0.08846283
0.08914280
0.09152293
0.08981633
0.08413553
0.08821154
0.09129691
0.09399724
0.09287930
0.09874249
0.09936595
0.09342027
0.08560991
0.08588982
0.08472490
0.08895850
0.08525205
0.09068489
0.08440924
0.08630633
0.08684731
0.08465004
0.08974266
0.08730960
0.09216475
0.08904982
0.08460784
0.08715796
0.08510828
0.09216475
0.08701563
0.09158397
0.08751106
0.08942628
0.09473085
0.09330630
0.08990097
0.08996058
0.09315276
0.08718395
0.09094572
0.09009600
0.09071183
0.09184146
0.08456779
0.08633876
0.11428070
0.10700345
0.09178948
0.08726215
0.08945489
0.09032393
0.08763671
0.08814764
0.08751488
0.09023309
0.09151006
0.08935738
0.08788967
0.08925557
0.08896971
0.11792922
0.08967924
0.09006023
0.08845878
0.09065175
0.08692050
0.08993411
0.08781719
0.09179163
0.08683252
0.08739901
0.08833575
0.09159493
0.09100151
0.08901405
0.08958459
0.08922982
0.09436083
0.09247255
0.09291840
0.08889484
0.09492755
0.09096479
0.08842444
0.08856750
0.09070921
0.09730244
0.08953214
0.08679199
0.08980918
0.09306669
0.09257364
0.08666086
0.08727264
0.08777046
0.08941507
0.08841062
0.08675432
0.08916402
0.09213710
0.08767629
0.08180881
0.09844351
0.08939433
0.08871770
0.08866525
0.08257151
0.08487606
0.09181404
0.08841705
0.08689260
0.08218837
0.08375835
0.08587265
0.08153772
0.09453297
0.09063411
0.09492373
0.09063029
0.08769703
0.09266639
0.08830333
0.09329510
0.08931613
0.08901763
0.09033513
0.09077358
0.08829093
0.08630586
0.08557463
0.08833027
0.09047508
0.08373475
0.09806108
0.08773971
0.09250593
0.08934236
0.08296800
0.08490825
0.08891964
0.09181809
0.09282827
0.09008312
0.08789587
0.09167647
0.08860922
0.08401155
0.08568048
0.08699059
0.08487344
0.08760333
0.08729529
0.08877897
0.14376760
0.14059520
0.10609126
0.10502386
0.11795068
0.10443664
0.10133433
0.09729123
0.08922815
0.08747768
0.08564544
0.08736563
0.08563352
0.08874774
0.08365321
0.08354306
0.09273005
0.08914828
0.08875322
0.08973885
0.12655210
0.10495162
0.12347174
0.10827923
0.10186005
0.08992267
0.08716130
0.08943939
0.08901739
0.09307647
0.08633924
0.08650494
0.08653760
0.08607435
0.08825397
0.08759761
0.09609962
0.08907366
0.08816171
0.08743191
0.08669496
0.08648825
0.08704138
0.08670545
0.08754253
0.08833313
0.08770847
0.08697724
0.08504605
0.08664441
0.09805655
0.08800888
0.08854437
0.08580780
0.08819818
0.08678102
0.08469176
0.08837175
0.08658266
0.08550191
0.08633542
0.08699775
0.08752346
0.08945966
0.08808231
0.12418509
0.08692694
0.08528304
0.08892608
0.08573246
0.08540225
0.08689451
0.08545399
0.08326006
0.08205843
0.08377433
0.08390689
0.08270502
0.08093500
0.08363605
0.08207893
0.08242726
0.08303666
0.07845211
0.08070159
0.08450961
0.08157802
0.08564496
0.08174920
0.07744169
0.08209801
0.08399916
0.08612061
0.08787704
0.08847332
0.08581376
0.08416843
0.08331728
0.08519006
0.08822751
0.08832669
0.08343124
0.08246017
0.08461547
0.08571243
0.08296967
0.08363318
0.08614230
0.08508134
0.08533335
0.09222507
0.08401799
0.09063458
0.08629227
0.08636999
0.08505845
0.08925271
0.08972573
0.08546185
0.08477306
0.08360958
0.08753991
0.08471227
0.08793211
0.08464599
0.08280849
0.08496451
0.08561683
0.08599401
0.08467174
0.08569813
0.08358574
0.08238888
0.08390403
0.08627057
0.08548808
0.08075905
0.08486819
0.08148885
0.08224273
0.08423948
0.08455825
0.08232427
0.08120990
0.08316970
0.08377743
0.08280134
0.07919097
0.07927084
0.08348060
0.08288860
0.07990122
0.08168554
0.08057284
0.08704209
0.08416009
0.08414340
0.08609653
0.08698750
0.08448839
0.07922029
0.08329296
0.08437252
0.08627272
0.08267283
0.08078718
0.08207488
0.08809805
0.08522463
0.08510852
0.08655548
0.08328223
0.08383226
0.08606243
0.08820033
0.08636713
0.08618116
0.08700514
0.08602166
0.08579588
0.10193872
0.08496332
0.08584070
0.08520126
0.08547759
0.08561325
0.08544159
0.08195806
0.08336926
0.08401513
0.08355045
0.08378530
0.08704829
0.08489537
0.08655357
0.08512449
0.08653235
0.08587503
0.08598948
0.08478212
0.08631492
0.08481145
0.08439207
0.08505392
0.08577323
0.08666277
0.08789706
0.08598566
0.08553934
0.08616471
0.08715105
0.08780551
0.08696890
0.08478379
0.08702707
0.08603501
0.08517838
0.08472824
0.08421707
0.08393741
0.08369637
0.13336492
0.10346866
0.10169101
0.10156655
0.10025811
0.09389091
0.08460093
0.08518958
0.08452678
0.08440590
0.08352089
0.08479953
0.08300853
0.08201289
0.08337426
0.08300018
0.08104944
0.08186984
0.08532476
0.08448434
0.08414888
0.09310937
0.08258557
0.08269358
0.08499360
0.08402109
0.08949971
0.08339500
0.08325934
0.08385444
0.08367085
0.08446789
0.08351421
0.08544970
0.08589602
0.08395386
0.08471870
0.08456683
0.08356643
0.08371091
0.08289528
0.08261633
0.08275008
0.12296081
0.09492326
0.11552644
0.08507204
0.08340430
0.08486223
0.08406734
0.08865380
0.14069819
0.10208631
0.10062432
0.10300374
0.09899664
0.10207868
0.08510661
0.08606887
0.08665252
0.08336902
0.08389306
0.08491540
0.08644271
0.08554006
0.08348489
0.08431220
0.08515120
0.08520627
0.08535361
0.08618426
0.08489442
0.08569336
0.08480430
0.08830190
0.08607221
0.08559418
0.08719039
0.08791614
0.09198356
0.13692784
0.11590385
0.10865736
0.11011600
0.10170460
0.08434105
0.08789635
0.08390903
0.08989978
0.08664846
0.08523798
0.08789563
0.08913374
0.08954668
0.08373356
0.08287001
0.08225846
0.08522415
0.08966660
0.08649492
0.08675718
0.08648324
0.08812690
0.08587193
0.08238435
0.08669114
0.08778071
0.08451939
0.08600187
0.08708882
0.08593774
0.08484650
0.08716035
0.08676100
0.08741236
0.08455372
0.08723927
0.08679628
0.08702350
0.08832359
0.08842850
0.08731341
0.10816979
0.11693406
0.11534142
0.12301230
0.10409546
0.10084391
0.09933400
0.10291624
0.09707284
0.08581281
0.08610249
0.08620429
0.13713551
0.09944892
0.10796642
0.10043669
0.10067487
0.09491777
0.12355089
0.10070181
0.10115695
0.12772417
0.09955955
0.10036373
0.10003567
0.10090041
0.08976531
0.08517218
0.08472943
0.08501983
0.08315372
0.09093022
0.08425140
0.08418822
0.08347106
0.08476853
0.08413458
0.08380866
0.08435702
0.08755255
0.08664131
0.08525848
0.08429027
0.08548069
0.08456111
0.08421898
0.08385420
0.08360243
0.08365870
0.08420396
0.08482623
0.08409095
0.08422256
0.08378172
0.08555102
0.08300376
0.08280706
0.08281898
0.08376002
0.08401680
0.08418465
0.08847404
0.08401036
0.08331275
0.08458781
0.08501720
0.08557320
0.08527946
0.08326077
0.08451676
0.08244038
0.08164477
0.08384681
0.08504248
0.08389854
0.08492899
0.08258986
0.08366370
0.08207440
0.08419132
0.08577228
0.08513212
0.08844399
0.08784342
0.08628249
0.08565831
0.08537984
0.08495927
0.08665109
0.08575606
0.08806419
0.08715296
0.08908629
0.08846688
0.08813429
0.08831406
0.09009433
0.08860159
0.08974838
0.08766723
0.08937383
0.08976936
0.08933210
0.09122181
0.08873749
0.08860874
0.08808732
0.08813143
0.08896780
0.08848429
0.08944368
0.08960605
0.08858323
0.09101009
0.09029222
