0.03642607
0.11086679
0.11189604
0.11236286
0.11074424
0.10911465
0.11019826
0.10968423
0.10617900
0.10174203
0.10886765
0.10909891
0.11222458
0.10975075
0.10823965
0.11221886
0.11150384
0.11115932
0.10923934
0.11082125
0.11275482
0.11377549
0.10999513
0.11004901
0.11069393
0.11005354
0.11109877
0.11030936
0.11281586
0.11175036
0.11090732
0.11028314
0.11194086
0.10613728
0.10812759
0.10728693
0.10215640
0.10714960
0.10741615
0.11066532
0.10576630
0.10784125
0.10695457
0.11090636
0.11010265
0.10330606
0.11024070
0.10844541
0.10733509
0.10790062
0.10478258
0.10789752
0.10958695
0.10948348
0.10709929
0.11041975
0.11074710
0.11190963
0.11336040
0.10820103
0.10778522
0.10943508
0.11876702
0.10572839
0.10748720
0.10814476
0.10917759
0.10872936
0.10666609
0.11084461
0.10719490
0.10970688
0.10410929
0.10650277
0.10652328
0.10657883
0.10181212
0.10351729
0.10385394
0.10072136
0.10170412
0.10263133
0.10336733
0.10502100
0.10183358
0.10524821
0.10430765
0.10046601
0.09882927
0.10060358
0.09729099
0.09848857
0.10000658
0.10545611
0.10678482
0.12701416
0.10470867
0.10633779
0.10470486
0.11176682
0.10486341
0.10615015
0.10316348
0.10660386
0.13153982
0.11272383
0.10989237
0.10733724
0.10408783
0.10381794
0.11355114
0.10480976
0.10509825
0.10541248
0.10207105
0.10143495
0.09998727
0.10179996
0.10181594
0.10652995
0.11625957
0.11443782
0.10554910
0.10681677
0.10284925
0.10208511
0.10365725
0.10618520
0.10687613
0.10540748
0.10654330
0.10514474
0.09996986
0.10242605
0.10298991
0.10880780
0.10700703
0.10977054
0.10576415
0.10823989
0.10363340
0.10481930
0.11237836
0.10765529
0.10723424
0.11383653
0.10895634
0.10618234
0.10168147
0.09812808
0.10804534
0.10651922
0.10313225
0.10473585
0.10279202
0.10359335
0.10596848
0.10390592
0.10693741
0.11253476
0.10928726
0.10409355
0.10801601
0.10882497
0.10554790
0.10527349
0.11166549
0.11346531
0.11133146
0.11094975
0.10891294
0.10620093
0.10148978
0.10522413
0.17023039
0.13025069
0.12398767
0.12865329
0.12374830
0.10126185
0.10627007
0.10608840
0.10358524
0.10593724
0.10235715
0.10343647
0.09977818
0.09817958
0.10302472
0.11061954
0.10898280
0.10881662
0.10784960
0.10802460
0.10174966
0.10629106
0.10363436
0.10389948
0.10431504
0.10676169
0.10026503
0.10850453
0.10192418
0.10307550
0.10737228
0.10889697
0.10354662
0.10643959
0.10919213
0.11053681
0.10342002
0.09894753
0.10698366
0.11331725
0.11021805
0.10799479
0.10607958
0.10620999
0.10675955
0.10036922
0.10721397
0.10739589
0.10729527
0.10281324
0.10444808
0.10568643
0.10536456
0.10681200
0.10410643
0.10288548
0.10970974
0.10420561
0.10518360
0.10205841
0.10054111
0.10500979
0.10968947
0.10589480
0.10869408
0.10424280
0.10517120
0.10815239
0.10292411
0.09919024
0.10016894
0.10141563
0.10503817
0.10971999
0.10752273
0.10858250
0.10454941
0.10304546
0.10520530
0.11168647
0.10607553
0.10399008
0.10626245
0.10753965
0.10398436
0.10054016
0.10492826
0.10489893
0.10482073
0.10515428
0.10409522
0.10488033
0.10357857
0.10584712
0.10987830
0.11491156
0.10657001
0.10736942
0.10707688
0.11198759
0.10345364
0.10276079
0.10194087
0.10705090
0.15886688
0.12820005
0.13070250
0.12823319
0.11791110
0.11013699
0.10841870
0.10455894
0.16502738
0.13240099
0.12840033
0.12454557
0.12067223
0.10178709
0.10787725
0.10541534
0.10228896
0.10171151
0.09762764
0.10033607
0.14626932
0.12471271
0.12368369
0.12512231
0.10409641
0.10822892
0.11114073
0.10863709
0.10360408
0.10849953
0.10645151
0.10543203
0.10685444
0.10570383
0.10430694
0.10973859
0.11276889
0.10407472
0.10524249
0.10688829
0.10814023
0.10276699
0.10605168
0.11307025
0.10842896
0.10889101
0.10901928
0.10821295
0.11071014
0.10711122
0.10935259
0.11210823
0.11115479
0.11212897
0.11248016
0.10907817
0.10593772
0.10719848
0.12159204
0.11218596
0.11096382
0.10685778
0.10630155
0.10683179
0.10424232
0.10916400
0.11247659
0.11189795
0.11117530
0.11137438
0.11468911
0.11030269
0.11047316
0.11014390
0.11527348
0.11700606
0.11283088
0.10998821
0.10884953
0.11098814
0.10848904
0.11692548
0.11533737
0.11584735
0.12084961
0.12226844
0.11157346
0.11295795
0.11507845
0.11631298
0.11881757
0.11637449
0.11533999
0.11554790
0.11403751
0.11886501
0.12180281
0.11929536
0.12235761
0.12010288
0.11928368
0.11655450
