0.04990339
0.12038708
0.13247085
0.12024808
0.12043524
0.11704493
0.11974812
0.11459947
0.12429214
0.10804248
0.10304809
0.11165738
0.10314393
0.10301495
0.12834930
0.11976266
0.13328457
0.10425067
0.12028742
0.12109137
0.12724519
0.10521150
0.14933014
0.11977601
0.14269447
0.12431335
0.11617398
0.13302732
0.11823797
0.11012411
0.10583162
0.11225510
0.16132641
0.13924885
0.13074827
0.11853957
0.11618328
0.11919498
0.12884903
0.11045384
0.10431504
0.13865447
0.12203431
0.12069774
0.12197876
0.12803340
0.11410689
0.12499595
0.11588669
0.12871218
0.11791563
0.13515496
0.15856147
0.15684295
0.12444925
0.11284852
0.12453079
0.12425876
0.11995649
0.16216254
0.11405349
0.14492798
0.13717866
0.11322522
0.16090679
0.14075541
0.15634179
0.12803411
0.12306309
0.12893605
0.17796993
0.15292645
0.13827181
0.13260436
0.13846636
0.13942695
0.13614893
0.14440179
0.12139463
0.11270809
0.11338520
0.12456989
0.11825633
0.12772226
0.13043690
0.12225056
0.15628099
0.16653824
0.14926100
0.15799546
0.12758899
0.14351702
0.12692094
0.12649322
0.12398934
0.11685491
0.12620401
0.12393928
0.11774206
0.10828114
0.11558366
0.11944842
0.11133814
0.11552787
0.11679029
0.11890173
0.11222720
0.12210417
0.11898756
0.10534596
0.11877990
0.10589862
0.11518979
0.11202741
0.12185144
0.11669683
0.10465050
0.11879516
0.12526751
0.13370633
0.13779378
0.14312506
0.11979890
0.15133357
0.14182878
0.14974833
0.12539172
0.13571882
0.12988591
0.10755253
0.12493801
0.13719749
0.12150240
0.12360907
0.11951685
0.11586833
0.10330582
0.20825672
0.11569643
0.11143565
0.11748624
0.13429809
0.16017485
0.13679171
0.12616801
0.14824152
0.13664937
0.11417484
0.12400556
0.12687469
0.13427401
0.15802598
0.11257458
0.12067533
0.12042809
0.09956074
0.13789344
0.13569069
0.13030720
0.12946963
0.11901140
0.10981154
0.11073422
0.12430787
0.12256742
0.12074804
0.11774778
0.11089969
0.10840821
0.13153911
0.13131857
0.12988567
0.14254546
0.13279200
0.11570263
0.10911846
0.12292004
0.12869501
0.12779951
0.10151505
0.11800265
0.12412024
0.12426782
0.09849691
0.11316586
0.10262060
0.09877419
0.11303663
0.10803056
0.10255480
0.11631632
0.13235521
0.10769844
0.12055182
0.10290408
0.12692595
0.12096858
0.12627625
0.14214516
0.11680269
0.11772561
0.15600681
0.14549971
0.11279345
0.11754107
0.15597987
0.15549707
0.14307308
0.11766624
0.11183643
0.13752699
0.11060786
0.10081577
0.10243177
0.10983157
0.11559439
0.15287137
0.11983228
0.14467502
0.11043882
0.12015080
0.10828876
0.14495158
0.12162828
0.15354848
0.10870886
0.10095239
0.09745073
0.10898995
0.10734725
0.11012435
0.10598612
0.10527849
0.11787796
0.10901523
0.10690069
0.13457918
0.10124183
0.10312986
0.10894084
0.11778045
0.11487198
0.10328150
0.10750175
0.13051248
0.11362219
0.12801385
0.13200927
0.13822603
0.14339113
0.13487720
0.11202240
0.13018250
0.11828661
0.12940526
0.12558246
0.10875869
0.13564610
0.13763952
0.12016439
0.10734606
0.11630607
0.11277390
0.11399841
0.12992787
0.12171841
0.12355709
0.14293408
0.12272549
0.11563277
0.14590812
0.11756134
0.13136220
0.13087487
0.13572598
0.10390925
0.10796976
0.11866546
0.11031365
0.11118698
0.11076355
0.11931753
0.12251687
0.11136866
0.10467410
0.11472678
0.13571119
0.12430978
0.11265850
0.11236405
0.12964368
0.12527728
0.14162445
0.13609099
0.13375592
0.11481643
0.11722422
0.11025405
0.11869454
0.10242867
0.12432361
0.12277126
0.14585376
0.12203336
0.12698245
0.12113667
0.13298106
0.12692642
0.11431313
0.11695409
0.10253954
0.10414314
0.12312865
0.12503362
0.10539389
0.11153722
0.11455083
0.13722897
0.11526704
0.11605716
0.12637210
0.11142111
0.10210824
0.12439251
0.11938214
0.10608602
0.11851764
0.11663270
0.11504364
0.11769700
0.13724017
0.12642431
0.16360331
0.15010762
