0.03043818
0.08218622
0.08226752
0.08208036
0.08250308
0.08295012
0.08295465
0.08275962
0.08408713
0.08091497
0.08135176
0.08264780
0.08500743
0.08399868
0.08323216
0.08400393
0.08330369
0.08442473
0.08270860
0.08218598
0.08252358
0.08463693
0.08463812
0.08323550
0.08337235
0.08449030
0.08432913
0.08453059
0.08182979
0.08207965
0.08418179
0.08370590
0.08086395
0.08570886
0.08355832
0.08418417
0.08475208
0.08311200
0.07979274
0.07984972
0.08530140
0.08283758
0.08312511
0.08186889
0.08335066
0.08466649
0.08238864
0.08156729
0.08005333
0.08003283
0.08316708
0.07976007
0.08386612
0.08286452
0.08633542
0.08372164
0.08451533
0.08259797
0.08566475
0.08932710
0.08532190
0.08372879
0.08354950
0.08319831
0.08449030
0.08287382
0.08244824
0.08168626
0.08626771
0.08427668
0.08251929
0.08189654
0.08354449
0.08586073
0.08422852
0.08380175
0.08153820
0.08125496
0.08394361
0.08238435
0.08045268
0.08037663
0.08286047
0.08111525
0.08107615
0.07918072
0.08008862
0.08361316
0.08432007
0.08411741
0.08214140
0.08141923
0.08672929
0.08219171
0.08273125
0.08186269
0.08260250
0.08621168
0.08296609
0.08195686
0.08272147
0.08759546
0.08442307
0.08335447
0.08381176
0.08349943
0.08351994
0.08361912
0.08065295
0.08530569
0.08703542
0.08642840
0.12502408
0.08051753
0.08353567
0.08316994
0.08414507
0.08173108
0.08297992
0.08496165
0.08407521
0.08140826
0.08219504
0.08345819
0.08219790
0.08546305
0.08239508
0.08346653
0.08389544
0.08240128
0.08658099
0.08270574
0.08369064
0.08263373
0.08830571
0.08513713
0.08276176
0.08296371
0.08337498
0.08900428
0.10353875
0.08576846
0.08264089
0.08650064
0.08523083
0.08535123
0.08388829
0.08563495
0.08617830
0.08601117
0.08642364
0.08377862
0.08446097
0.08408308
0.08438110
0.08438778
0.08626390
0.08623791
0.08547497
0.08306623
0.08497167
0.08610535
0.12369013
0.12458086
0.11663795
0.12423491
0.11529589
0.10225534
0.10456991
0.10111618
0.08864141
0.08855605
0.14675450
0.10621905
0.10416365
0.12432742
0.11459446
0.10894704
0.10273623
0.10095477
0.10540390
0.09845567
0.08973527
0.09109235
0.09012246
0.09077811
0.08853626
0.08821487
0.08766317
0.08877230
0.08914566
0.08859134
0.08930206
0.09146619
0.09152198
0.08565974
0.08527660
0.08609223
0.09123230
0.08879042
0.09072351
0.08764744
0.08810043
0.09107566
0.08816361
0.09036756
0.09072089
0.09193921
0.09264016
0.08997679
0.08991075
0.09570813
0.09532475
0.09078693
0.09225965
0.09483099
0.09276009
0.09294796
0.09446645
0.09581232
0.09850860
0.09850764
0.09656572
0.09492445
0.09672856
0.09604383
0.09884644
0.09874582
0.10255027
0.10138774
0.09605360
0.09696722
0.09871125
0.10502267
0.10464096
0.10402060
0.10312510
0.10386300
0.10363030
0.10396600
0.10315156
0.10423374
0.10334301
0.10415125
0.10738325
0.11271358
0.10573483
0.10485792
0.11028433
0.10618329
0.10770702
0.10774469
0.11015534
0.10975575
0.10478330
0.10575199
0.10801697
0.10671043
0.10511184
0.10470438
0.10990119
0.09971786
0.09658909
0.10152030
0.10025620
0.09898949
0.10240841
0.10376263
0.10510635
0.10428762
0.10380292
0.10336185
0.10726047
0.10572386
0.10304856
0.10222936
0.10526037
0.10931993
0.10421300
0.10151768
0.10069036
0.10318041
0.10507774
0.10578322
0.10416627
0.10539055
0.09958959
0.10201383
0.10403752
0.10285211
0.10069871
0.09946084
0.10359764
0.10595059
0.10007095
0.09523630
0.13984370
0.12285852
0.10813594
0.09638333
0.09442353
0.09248757
0.09265113
0.09904051
0.10160279
0.10479450
0.10312867
0.10190892
0.10574579
0.10794067
0.10055923
0.10101485
0.09964538
0.09568501
0.09668756
0.09779859
0.10097098
0.09908986
0.09904695
0.09603953
0.09949493
0.09777617
0.09886265
0.10096717
0.14977455
0.11619639
0.12079239
0.11952782
0.12224913
0.15908694
0.11811638
0.12042189
0.12016201
0.11558700
0.10589409
0.09847283
0.09850597
0.10516095
0.09894228
0.10224342
0.10326862
0.11061716
0.10222530
0.10284710
0.10575247
0.12629199
0.12501311
0.12958312
0.12278175
0.11131716
0.11043787
0.10856056
0.10161328
0.09973383
0.10191441
0.17222810
0.12595725
0.13614464
0.13036346
0.12688136
0.10163903
0.10368419
0.10065150
0.10048223
0.10015702
0.10177422
0.09768510
0.09628010
0.09820724
0.10279536
0.09612513
0.09660411
0.09927320
0.10399485
0.10280299
0.10224319
0.10297322
0.10038066
0.10243368
0.09621501
0.09815764
0.09871435
0.15160036
0.12012744
0.12176871
0.12377739
0.12261152
0.10275793
0.10414863
0.10400820
0.10218620
0.10911465
0.10945320
0.10528493
0.09608912
0.10133147
0.10237861
0.10604048
0.10051250
0.09654069
0.10287762
0.10299277
0.09576368
0.09802675
0.10375571
0.10360670
0.10871816
0.11314130
0.11572742
0.12027717
0.10940289
0.10388398
0.10960937
0.10744548
0.10307479
0.10468149
0.10322356
0.10506797
0.10209417
0.10832524
0.10839438
0.11210299
0.11101937
0.11195636
0.11374569
0.11013627
0.10660267
0.11333728
0.11340213
0.11173153
0.11397099
0.11653161
0.11514544
0.11748314
0.11903191
0.11495543
0.11955762
0.11720729
0.11015034
0.11961007
0.11960053
0.10944724
0.10855746
0.11491108
0.11326265
0.11191201
0.19193912
0.13294864
0.13482189
0.13558388
0.12616420
0.12248135
0.12223244
0.12045360
0.11830878
0.11990905
0.12139416
0.11848068
0.11957479
0.11539960
0.11374474
0.11609840
0.11447120
0.12021470
0.12685513
0.12223864
0.12336659
0.12162066
0.12835979
0.12460017
0.12266302
0.11955285
0.11894011
0.14714289
0.15152144
0.14535594
0.12512779
0.12670183
0.18456984
0.14909577
0.14682436
0.14332128
0.12802386
0.12866545
0.12060142
0.11961937
0.11670041
0.12403321
0.11564231
0.11502481
0.11867332
0.12604713
0.12376428
0.12149739
0.12186074
0.12648034
0.11615825
0.11644435
0.11827826
0.11331153
0.11127877
0.11610246
0.11986995
0.11471438
0.11050582
0.11426806
0.11703444
0.11317229
0.11531401
0.11435223
0.11323261
0.10893512
0.11514997
0.11453509
0.11828208
0.11338973
0.11444831
0.12182832
0.11172223
0.16801000
0.17089629
0.11837435
0.11725903
0.12671185
0.11977530
0.11478949
0.12022471
0.12686729
0.12163305
0.12023163
0.12464619
0.12014771
0.11021614
0.11095881
0.12023830
0.12259626
0.12487030
0.12582803
0.12682557
0.11831641
0.12020516
0.12759066
0.12123513
0.12500858
0.12858295
0.13075018
0.12474537
0.13179016
0.12693691
0.12329245
0.12406659
0.12117910
0.13053155
0.12843108
0.13065147
0.13314795
0.13307118
0.13796139
0.13572311
0.13179946
0.12512684
0.12374806
0.12794805
0.12422490
0.12746215
0.21497846
0.14847350
0.21725464
0.15657592
0.15610790
0.16326928
0.17866802
0.15212536
0.15512276
0.15603280
0.13626599
0.13269329
0.12316561
0.13305926
0.13129687
0.13230133
0.12883735
0.12979007
0.13111567
0.11948228
0.12471271
0.12527680
0.12427306
0.12715626
0.12294531
0.12606740
0.11545467
0.11807251
0.12703872
0.12982607
0.12686014
0.12777257
0.13896155
0.13012624
0.13039780
0.13213205
0.12325096
0.12648582
0.12909508
0.12890887
0.12396693
0.12382865
0.12489772
0.12006354
0.11901283
0.11850119
0.11701965
0.10926867
0.11007977
0.11591744
0.11362767
0.11927032
0.11774516
0.12257743
0.11465001
0.11654663
0.12056899
0.12016439
0.11602116
0.11477923
0.12276244
0.12169480
0.12449980
0.12219572
0.12491560
0.11964893
