0.03373837
0.09315920
0.09233975
0.09258604
0.09326625
0.09232140
0.09184599
0.09011579
0.09157109
0.09142017
0.09072566
0.09021544
0.09101129
0.08859324
0.08934879
0.08953691
0.09228086
0.09079671
0.09077287
0.09153509
0.09367847
0.09335446
0.09315419
0.09319758
0.09518218
0.09540629
0.09576130
0.09599900
0.09407592
0.09362221
0.09014726
0.09508395
0.09356880
0.09375381
0.09324980
0.09181476
0.09155607
0.09288740
0.09117508
0.09108019
0.08955932
0.09153366
0.09380293
0.09347725
0.09405136
0.09125280
0.08934569
0.09223843
0.09171605
0.09027386
0.08924294
0.09245920
0.09220815
0.09441280
0.09515405
0.08966684
0.08966780
0.09289360
0.09345841
0.09518862
0.09177804
0.09178829
0.09465766
0.09430671
0.09467077
0.09526324
0.09503341
0.09564185
0.11517191
0.11143565
0.11115694
0.09757447
0.09414172
0.09507132
0.09593272
0.09692740
0.09699559
0.09622169
0.09825015
0.09877253
0.09718847
0.09763741
0.09683776
0.09662795
0.09663749
0.09122038
0.09427118
0.09630680
0.09836769
0.10018468
0.09552503
0.09615755
0.09868884
0.09918499
0.09756732
0.09903145
0.10076714
0.10260129
0.10217595
0.09894609
0.09797907
0.09977341
0.10070801
0.10061359
0.09858322
0.10120177
0.10012913
0.10024881
0.10115910
0.09900761
0.09609771
0.09944153
0.10008788
0.10135889
0.10171676
0.10068130
0.10058355
0.10140157
0.10121083
0.09953070
0.09833980
0.10189676
0.10394096
0.10097814
0.09610415
0.10079432
0.10129046
0.10033488
0.10186338
0.10255432
0.09969115
0.10218048
0.10422659
0.10121441
0.09865284
0.10181475
0.10122490
0.10249400
0.10037398
0.10085273
0.10156131
0.10120487
0.10220098
0.10022020
0.09824634
0.10032225
0.11766315
0.12102079
0.11827040
0.15712953
0.12021852
0.12343311
0.11885595
0.11991429
0.11278605
0.10194087
0.09759235
0.10210538
0.10372305
0.10355234
0.10444212
0.10379243
0.10310316
0.10026169
0.10300112
0.10286236
0.10165358
0.10285878
0.10186696
0.10026026
0.09841776
0.09937119
0.09994459
0.10005140
0.10129428
0.10047197
0.09964728
0.10318232
0.09795356
0.10069537
0.09947777
0.10098982
0.09948492
0.10180140
0.10218740
0.10198760
0.10038137
0.10126948
0.10328388
0.10026622
0.10286260
0.09893990
0.09996724
0.10081530
0.09894466
0.09739709
0.09593153
0.09695363
0.10027242
0.09859228
0.10129952
0.09867001
0.10086894
0.09806609
0.09770036
0.09349251
0.09556198
0.09424853
0.09447050
0.09055328
0.09744120
0.09628797
0.09657192
0.09726501
0.09584045
0.09722447
0.09485054
0.09495592
0.09621644
0.09541178
0.09696865
0.09897661
0.09788322
0.09872890
0.09344888
0.09467387
0.09786367
0.09651852
0.09806538
0.09891391
0.09848189
0.09854889
0.09725642
0.10322714
0.09522963
0.09481835
0.09634519
0.09814239
0.09735560
0.09674168
0.09628177
0.12754774
0.11575317
0.11387706
0.11326241
0.11356187
0.09809971
0.09381390
0.09625936
0.09391379
0.09618878
0.09617591
0.09553337
0.09362507
0.09376621
0.09379840
0.09364319
0.09283352
0.09231782
0.09075165
0.09124684
0.09205437
0.09192967
0.09130239
0.09147310
0.09099722
0.09143686
0.09241176
0.09139037
0.09075308
0.09373474
0.09135461
0.09259295
0.09129429
0.08919597
0.08956313
0.09090018
0.09042978
0.08995748
0.08551693
0.08785081
0.09048724
0.08727598
0.08957052
0.08993530
0.08910918
0.08915710
0.08772945
0.09023166
0.08766437
0.08410811
0.08878255
0.08947611
0.08867955
0.08938932
0.08642006
0.08880353
0.09127545
0.09144759
0.09147239
0.08614469
0.08469558
0.09092832
0.09245038
0.09056640
0.09226561
0.09014201
0.08604860
0.09032726
0.08984113
0.09029627
0.09034085
0.08789229
0.09250736
0.09266400
0.09072399
0.09282327
0.08972859
0.08951783
0.09212565
0.09122968
0.09391427
0.09100342
0.08715439
0.09160995
0.08844471
0.08638668
0.08680105
0.08632421
0.09133053
0.09067273
0.09087133
0.08796787
0.08913517
0.09031796
0.08857083
0.08375239
0.08850193
0.08921790
0.08726072
0.09044719
0.08611774
0.08694863
0.08670378
0.08785915
0.09046292
0.08892846
0.08308530
0.08636522
0.08865714
0.08847690
0.09085631
0.08373976
0.08757281
0.08917046
0.08729219
0.08953977
0.08890295
0.08651638
0.09095693
0.08953738
0.14822435
0.10511231
0.10482860
0.10602021
0.10492396
0.09094071
0.08242679
0.08835483
0.09070730
0.08959079
0.08943558
0.08611917
0.08806634
0.09160233
0.08943343
0.08933139
0.08749413
0.08677816
0.08916068
0.08988953
0.08892369
0.08890200
0.08635688
0.08920932
0.08837080
0.08779240
0.08526659
0.08723879
0.08617592
0.08811736
0.08775473
0.09015775
0.08826280
0.08598900
0.08865094
0.08876705
0.08893633
0.08887982
0.09013081
0.09009910
0.09121466
0.08937955
0.08814812
0.08896518
0.09119296
0.09040475
0.08874178
0.08979130
0.09085083
0.09074545
0.08882546
0.08907533
0.09044552
0.09096098
0.08781290
0.08919764
0.08559561
0.08646441
0.08904839
0.08777714
0.08873200
0.08623052
0.08724451
0.09000278
0.08943224
0.09235001
0.08818150
0.08347249
0.08818078
0.08915806
0.08946943
0.08858085
0.08818579
0.08887482
0.09024882
0.08532619
0.08848596
0.08902216
0.08685851
0.08678603
0.08859348
0.08782911
0.08879924
0.08489108
0.08843517
0.09024858
0.08876896
0.09886503
0.12584639
0.12931991
0.10586619
0.10403657
0.10674906
0.10717201
0.09168077
0.08799911
0.08820081
0.08889794
0.08905864
0.09336925
0.08902049
0.09097719
0.08926654
0.09105110
0.08898735
0.08856606
0.09025264
0.09204459
0.09172010
0.09144902
0.09020519
0.08983898
0.09357023
0.09314299
0.09209013
0.09399009
0.09338331
0.09246325
0.09325767
0.09446955
0.09562802
0.09512115
0.09344888
0.09523058
0.09476686
0.09559059
0.09349084
0.09396100
0.09427881
0.09369540
0.09222460
0.09256363
0.09407854
0.09312916
0.09352136
0.09197640
0.09117007
0.09485221
0.09503436
0.15357041
0.11285329
0.11466980
0.11457467
0.11408782
0.09565377
0.09496784
0.09581017
0.09657145
0.09653497
0.09752440
0.09376979
0.09713125
0.09564543
0.09731650
0.09651732
0.09530735
0.09635091
0.09707165
0.10193110
0.09827995
0.09795451
0.09804034
0.09985518
0.10056520
0.09233165
0.09602904
0.09830141
0.10192585
0.10000420
0.09774208
0.09825706
0.10130858
0.10127020
0.10328102
0.09767485
0.10100317
0.10486126
0.10238099
0.10676932
0.10549831
0.10598421
0.10323286
0.10425496
0.10355163
0.09923339
0.10559607
0.10545564
0.10395193
0.10375810
0.10259771
0.10330272
0.10355520
0.10355663
0.09913087
0.10303545
0.10624933
0.10631061
0.10554051
0.10495496
0.10652661
0.10792708
0.10680437
0.10770798
0.10651970
0.10596800
0.10577703
0.10995722
0.10744739
0.10809040
0.10977459
0.11250186
0.11295295
0.10851645
0.11053109
0.10739470
0.10755634
0.10732102
0.10794973
0.10964251
0.11219025
0.11381435
0.11351562
0.11189389
0.11257315
