0.03041029
0.08643389
0.08006668
0.07944489
0.09027886
0.08340073
0.07950068
0.08190346
0.08134222
0.08096790
0.08035064
0.07972455
0.07938385
0.08351350
0.08121896
0.08116698
0.08328867
0.08488274
0.08069539
0.08108974
0.08221507
0.07849741
0.08014441
0.08215976
0.08407855
0.08036280
0.08268762
0.08258939
0.08162689
0.08313632
0.08286333
0.08105898
0.08140135
0.08152890
0.07880759
0.08062768
0.08121967
0.07978630
0.08169889
0.08384585
0.08295584
0.08222628
0.07994771
0.07833600
0.08234906
0.08297729
0.08153319
0.08155298
0.08701062
0.08411074
0.08278537
0.08071756
0.08269477
0.08190966
0.08517385
0.08206415
0.08352780
0.08131576
0.08208156
0.08185649
0.08145881
0.08232784
0.08104777
0.07959247
0.08138943
0.08242178
0.08167458
0.08166933
0.08169961
0.08432794
0.08359265
0.08184624
0.08028626
0.08062840
0.08214068
0.08190250
0.07896423
0.07624984
0.08021092
0.08106899
0.08240843
0.08161306
0.08202457
0.08189297
0.08198452
0.08071494
0.08248234
0.09953880
0.08300710
0.07930541
0.08014822
0.08298850
0.08357954
0.08195496
0.08201289
0.08423519
0.08220387
0.08167219
0.08098602
0.08147383
0.09276295
0.08121109
0.08204222
0.08243203
0.08126354
0.08023310
0.08405876
0.08372116
0.08249021
0.08244848
0.08036113
0.07948017
0.08100367
0.09254193
0.08116937
0.07470846
0.07463312
0.07929134
0.08128667
0.09017372
0.08204651
0.08118701
0.08325720
0.08351660
0.08554935
0.08531046
0.08473754
0.08456850
0.08454680
0.08171511
0.08210897
0.08195996
0.08479977
0.08604574
0.08619523
0.08637834
0.08273053
0.08643961
0.08690310
0.08364105
0.08420014
0.08619833
0.08468294
0.08494234
0.08514047
0.08687329
0.09215331
0.08815265
0.08702564
0.08302331
0.08708715
0.08773828
0.08798909
0.08707881
0.08630657
0.08475184
0.08860350
0.08604050
0.08780050
0.08528662
0.08498478
0.08683348
0.08783531
0.10360074
0.08620715
0.08513355
0.08810019
0.08849263
0.08982873
0.08860612
0.08701968
0.09481597
0.08950448
0.09119320
0.08855510
0.08695531
0.09061551
0.08934736
0.08974624
0.08714151
0.08793926
0.08993673
0.09176731
0.08758163
0.09000897
0.08925080
0.08735347
0.08729386
0.08948565
0.08906126
0.09028792
0.08811069
0.08859730
0.08859944
0.08989382
0.08559489
0.08799744
0.08856368
0.08754539
0.08635783
0.08678508
0.08799982
0.08839345
0.08955479
0.08770895
0.08906460
0.08812284
0.08678246
0.08677173
0.08824825
0.08841467
0.08776498
0.08493423
0.08757043
0.08828974
0.08887768
0.08619475
0.08957696
0.08495235
0.08792830
0.08689594
0.08740997
0.08761930
0.08743906
0.08569431
0.08810949
0.08667088
0.08692288
0.08842206
0.09242845
0.08808613
0.08849192
0.08829141
0.08723736
0.08596468
0.08743501
0.08820939
0.09001374
0.08946133
0.08564806
0.08850908
0.08702326
0.08760405
0.08787990
0.08556008
0.08621216
0.08649564
0.08621049
0.08644819
0.08893418
0.08672738
0.09130263
0.08813310
0.08796310
0.08812904
0.08569026
0.08511186
0.08722258
0.08713984
0.08649898
0.08663011
0.08697605
0.08537459
0.08595181
0.08402896
0.08501673
0.08693218
0.08721828
0.08604074
0.10820389
0.08712602
0.08696318
0.11257958
0.11211419
0.08742619
0.08791471
0.08734393
0.10647655
0.10922194
0.08518481
0.08586740
0.08673310
0.08516741
0.08599782
0.08576608
0.08543968
0.08572435
0.08613849
0.08316088
0.08982754
0.09271026
0.09286714
0.08719563
0.08569527
0.08972979
0.08648825
0.08638692
0.08784842
0.08439302
0.08718729
0.08475447
0.08790684
0.08813071
0.08438182
0.08425307
0.08960819
0.08449864
0.08576608
0.08539081
0.08336234
0.09030724
0.08308339
0.08623266
0.08677053
0.08384848
0.08662558
0.08510995
0.08611274
0.08527207
0.09623790
0.08558464
0.09229589
0.08672857
0.08779573
0.08947086
0.08766389
0.08703351
0.09147835
0.09179306
0.08645821
0.08488512
0.08522987
0.10379481
0.08846879
0.08800030
0.08800077
0.08975124
0.08773303
0.08919525
0.08890271
0.08659029
0.08618855
0.08757496
0.08644629
0.08814955
0.08583426
0.08407545
0.09223413
0.08574295
0.08687353
0.08680558
0.08631968
0.08554530
0.08696747
0.08506060
0.08901644
0.08719993
