0.02985406
0.09375119
0.08725405
0.08952618
0.08983445
0.08550596
0.08425617
0.08410835
0.08628058
0.08778095
0.08853841
0.08915329
0.09066129
0.08970451
0.09414625
0.08993435
0.09036946
0.08962512
0.09083486
0.09622169
0.09072781
0.08725524
0.08622265
0.08941865
0.08999395
0.08507490
0.08578444
0.08961940
0.09148479
0.09073424
0.08877134
0.08963370
0.09087753
0.09076571
0.09002328
0.09044838
0.08909130
0.09002113
0.08678412
0.09127140
0.09114146
0.09194040
0.08706093
0.08790016
0.08886981
0.08978271
0.09029603
0.08977795
0.08513355
0.08746552
0.08950996
0.08979058
0.08397484
0.08719683
0.09076953
0.09298563
0.09543204
0.09193659
0.08810425
0.09093833
0.09016156
0.08785558
0.08955121
0.08909225
0.08796215
0.08751678
0.08433795
0.08809018
0.09451556
0.08992338
0.08590198
0.08297110
0.08811331
0.09106278
0.08942103
0.09005427
0.09083724
0.09073567
0.09285450
0.09017324
0.09186912
0.09295654
0.09167480
0.08844805
0.08464813
0.08923006
0.09489465
0.09190321
0.08795667
0.08777308
0.09218478
0.09361124
0.09178495
0.09311700
0.09310198
0.08901644
0.09094477
0.08563685
0.08665180
0.08865070
0.08930421
0.09062552
0.08708501
0.08675790
0.09497452
0.09341431
0.08902788
0.08928037
0.08885098
0.09225965
0.09264898
0.09451032
0.09245825
0.08811951
0.09119344
0.08630466
0.08877444
0.09159732
0.09299636
0.09064627
0.12896037
0.09039617
0.09498453
0.08990979
0.08901358
0.08886385
0.09366703
0.09115410
0.09149933
0.09162617
0.09224224
0.09771991
0.09049726
0.09161305
0.08984804
0.09511423
0.09585404
0.09055567
0.09173775
0.09066749
0.08921623
0.09136677
0.08934188
0.08792472
0.09344292
0.09553981
0.09518647
0.09413886
0.09017205
0.09032750
0.09101224
0.08648419
0.08900142
0.09190893
0.09324408
0.09132552
0.09093213
0.09115839
0.09318113
0.09274983
0.08702517
0.08939219
0.10048342
0.09869170
0.09419346
0.09585500
0.09343219
0.09503412
0.09295273
0.09441686
0.09551811
0.09606695
0.09056854
0.08730030
0.09193182
0.09182811
0.08816147
0.08666706
0.08995724
0.09341860
0.09907460
0.09381986
0.09213471
0.09190726
0.09591651
0.09434915
0.09283471
0.09177732
0.09462595
0.09926176
0.10241365
0.09364748
0.09023023
0.10072637
0.09094477
0.08601356
0.08892798
0.10554719
0.09680367
0.09227681
0.09070683
0.09315777
0.09484196
0.09289193
0.09257603
0.09661317
0.09750915
0.09258866
0.09121943
0.09559894
0.10164452
0.09228683
0.09354734
0.09631991
0.09284449
0.09401703
0.09493542
0.09679389
0.09503031
0.09430218
0.09234595
0.09036541
0.09550476
0.09702992
0.09244657
0.08933163
0.09427309
0.09809661
0.09800696
0.09585810
0.09098291
0.09361029
0.10065031
0.09557056
0.10041881
0.09818387
0.09734201
0.09724736
0.09538364
0.09735513
0.09850264
0.09982014
0.09706402
0.09575915
0.09785390
0.10061955
0.09878874
0.09865117
0.09885621
0.09943414
0.09817696
0.09927082
0.09859037
0.10285854
0.09689975
0.09791589
0.09741378
0.10235047
0.09787512
0.09584093
0.09546804
0.09948802
0.09848833
0.09504628
0.09532523
0.09676695
0.09682226
0.09579182
0.09404063
0.09193206
0.09536815
0.09557199
0.09650183
0.09482670
0.09741020
0.09851003
0.09721947
0.09703755
0.09896040
0.10158134
0.10000610
0.09517694
0.09247637
0.09588003
0.09938312
0.09937072
0.09856033
0.10214925
0.14139628
0.11808872
0.12958980
0.12498617
0.11200690
0.10012507
0.16113782
0.10119128
0.10029173
0.10154033
0.10979390
0.11121464
0.09694290
0.10139561
0.10336113
0.10006690
0.09791422
0.09761643
0.09707642
0.09848881
0.09935093
0.10104227
0.10163116
0.10097027
0.09840775
0.09899068
0.10328794
0.10402369
0.10430598
0.10304904
0.10258865
0.10327435
0.10285211
0.10305214
0.10100889
0.09853482
0.10127234
0.10141015
0.10176325
0.09994173
0.10144782
0.10263109
0.10292482
0.10219169
0.10054994
0.10283661
0.10297775
0.10426307
0.10409236
0.10344982
0.10393238
0.10433769
0.10427952
0.10378122
0.10436225
0.10454774
0.10367942
0.10369730
0.10411739
0.10272646
0.10267377
0.10390282
0.10217452
0.10411859
0.10417533
0.10552096
0.10571957
0.10553670
0.10454226
0.10357785
0.10828710
0.11033535
0.10497928
0.10408711
0.10296607
0.10303235
0.10114908
0.10175133
0.10435367
0.10260653
0.10063958
0.10285687
0.10282731
0.10065031
0.10005116
0.09886622
0.10491681
0.10897923
0.10204887
0.10325909
0.10342312
0.10416365
0.10338569
0.10419202
0.10358357
0.10230780
0.10118246
0.10280704
0.10335088
0.10374165
0.10242534
0.10268855
0.10435462
0.10168147
0.09984708
0.10076118
0.10131264
0.10380983
0.10231876
0.10260749
0.10279083
0.10443234
0.10271740
0.09936261
0.10086131
0.09999418
0.10611081
0.10177732
0.10158944
0.10840631
0.10303402
0.10249066
0.10073638
0.10163689
0.10363936
0.10638356
0.10418963
0.10652947
0.10384655
0.10207248
0.10224366
0.10776091
0.10454559
0.10322380
0.10056663
0.09703302
0.10087681
0.10154510
0.10310793
0.10219598
0.10433030
0.10136080
0.10025930
0.10528946
0.10912561
0.10284710
0.10214853
0.10815859
0.10727119
0.10055804
0.10141706
0.09739900
0.09884357
0.09580207
0.10100317
0.10300040
0.10516572
0.10296369
0.10240984
0.10552669
0.10385203
0.10325432
0.10350966
0.10944724
0.10906577
0.10609746
0.10729003
0.10878801
0.10789704
0.10578847
0.10685039
0.10623884
0.10443592
0.10688496
0.10729456
0.10498714
0.11203098
0.09915257
0.09945107
0.11184645
0.10841489
0.10611320
0.10601735
0.10773420
0.10912061
0.10953569
0.11501384
0.11450219
0.11346817
0.11596918
0.10940194
0.11094427
0.10880160
0.10501385
0.10380054
0.10488319
0.10298085
0.10317731
0.10256720
0.10513067
0.10583282
0.10581017
0.10561562
0.10612011
0.10467243
