0.03383446
0.11808133
0.10831380
0.11377311
0.11360145
0.10937929
0.10639548
0.11231661
0.10797071
0.12165689
0.11560631
0.11763954
0.12771153
0.11997151
0.11076927
0.11910772
0.11905599
0.11282253
0.11386919
0.11841369
0.11486077
0.11552072
0.11973286
0.11607671
0.13602829
0.11636233
0.11830521
0.11925364
0.11681724
0.11579967
0.12225032
0.12059760
0.11945796
0.12341428
0.12284184
0.11988640
0.11734629
0.12155199
0.12688303
0.11825967
0.12504244
0.12407589
0.12435961
0.12262654
0.12368464
0.11972928
0.11728120
0.11973929
0.11922264
0.11758971
0.11642838
0.12101984
0.11392117
0.10892820
0.10811472
0.11321545
0.11562634
0.11344242
0.11408520
0.11935997
0.11849332
0.11481857
0.11208582
0.12149191
0.12489343
0.13943648
0.11821222
0.12472796
0.12192249
0.12366796
0.12686849
0.12102795
0.11209106
0.12039614
0.11418319
0.11194158
0.11348510
0.11603427
0.12007880
0.11380315
0.11949754
0.12096739
0.12085724
0.12931037
0.11915779
0.12875748
0.12560701
0.12739849
0.12491727
0.12695265
0.12113762
0.13070917
0.12635350
0.12687731
0.12458992
0.12364721
0.12208724
0.11957741
0.11964846
0.12247682
0.12035227
0.13067889
0.11968756
0.11905885
0.12184334
0.12061644
0.11608458
0.12146759
0.12166119
0.11640334
0.14813352
0.12475491
0.12505579
0.12557626
0.14537859
0.15689611
0.12548494
0.12755823
0.12696910
0.12574625
0.12380052
0.12693024
0.12532997
0.11963463
0.12361956
0.12513995
0.12151456
0.12280321
0.12367678
0.12646794
0.12367201
0.12264585
0.13001847
0.12548399
0.12387013
0.14474106
0.12454581
0.12319922
0.12598968
0.12760258
0.12242699
0.12615371
0.12879920
0.12679815
0.12057567
0.12219405
0.12174559
0.12101030
0.12328243
0.12200570
0.11987734
0.11193728
0.12401867
0.12459540
0.12105703
0.11985159
0.12068105
0.11923075
0.11973262
0.11589527
0.11489868
0.11200166
0.11841059
0.16368508
0.16641569
0.14603496
0.14860392
0.14487982
0.14517879
0.13720846
0.12549877
0.12314987
0.12233853
0.12329483
0.11898351
0.12359881
0.12243843
0.13387346
0.11834478
0.12097692
0.12286258
0.12370872
0.12572742
0.12635827
0.13861370
0.11753464
0.12552691
0.14129400
0.19016433
0.16249561
0.17721319
0.14526796
0.14968419
0.14525151
0.12326336
0.12238479
0.16824222
0.17430663
0.12585568
0.12297964
0.12560940
0.12475514
0.14321160
0.17875981
0.15205050
0.14744139
0.14733839
0.14719629
0.12473249
0.12043238
0.12074161
0.12330532
0.12162256
0.12426496
0.12479520
0.18066955
0.14719629
0.14843035
0.14444304
0.13550520
0.12605786
0.12297034
0.11913967
0.12183738
0.11739707
0.11893225
0.12719440
0.13018298
0.12093997
0.12240338
0.12388229
0.12158585
0.12887764
0.12116480
0.12740302
0.12603045
0.12607121
0.12445378
0.12532401
0.12371826
0.13297033
0.12390375
0.12433004
0.12548280
0.12596464
0.12662220
0.12118506
0.12452984
0.12122321
0.11767364
0.11703539
0.12672520
0.12557173
0.12077618
0.12196350
0.13131785
0.12149143
0.12626815
0.12128162
0.11480904
0.13103986
0.12551045
0.11865258
0.11787748
0.12309527
0.13256907
0.12670684
0.12151623
0.12037301
0.12198424
0.12525821
0.12402868
0.12223339
0.12282610
0.12410879
0.12228727
0.11681247
0.11697149
0.11740708
0.11952448
0.11364555
0.11380792
0.11608362
0.11774349
0.10995555
0.11099792
0.11428189
0.11249852
0.12099552
0.11689019
0.12298918
0.13870978
0.12470913
0.12200809
0.13889456
0.12187839
0.12527227
0.12288761
0.12233734
0.12226605
0.11814976
0.11552501
0.11684871
0.11754513
0.12530017
0.12312675
0.12201428
0.12256670
0.14760876
0.12494946
0.11711836
0.12684441
0.13480926
0.12452507
0.12267637
0.12192726
0.13755012
0.11776972
0.11879063
0.12260866
0.11680222
0.12441063
0.12181139
0.12294865
0.13384461
0.12198448
0.12381601
0.12059760
0.18326569
0.14262104
0.14749885
0.14646268
0.13290000
0.11402845
0.13114142
0.14555359
0.14999533
0.12031436
0.12169886
0.14456558
0.14684224
0.14097071
0.12421966
0.11823368
0.11889291
0.11870575
0.11899781
0.12351179
0.11355567
0.11094666
0.11193013
0.11560178
0.11631727
0.12466431
0.11963224
0.11810398
0.13114929
0.13251114
0.12364149
0.11587763
0.11745620
0.11550713
0.12211657
0.16237402
0.15028977
0.14595580
0.14385223
0.12895679
0.12120962
0.11447072
0.11438179
0.12154150
0.13796759
0.13373542
0.13986278
0.18867898
0.16289020
0.13949776
0.12710261
0.14974070
0.14939237
0.15186214
0.14325213
0.15281320
0.13731599
0.15041089
0.16347957
0.15995526
0.15887189
0.14272833
0.17094803
0.14153814
0.14357376
0.13642263
0.14067507
0.13062930
0.18519807
0.17684817
0.15950012
0.16525626
0.14496565
0.16955996
0.18663406
0.15754271
0.14779019
0.15961623
0.15337253
0.15983653
0.13837695
0.11937022
0.13450623
0.16582251
0.13293076
0.10967016
0.16386724
0.14486957
0.14333916
0.12375546
0.12863898
0.14522934
0.13963056
0.12570214
0.13330674
0.13633037
0.16107130
0.13750744
0.14569330
0.15902734
0.13682151
0.17589498
0.13416648
0.14481020
0.14953899
0.13604784
0.16074443
0.15418148
0.14393067
0.16733599
0.13457942
0.13052678
0.15475154
0.14283609
0.16001225
0.14700866
0.13174653
0.14749908
0.15917492
0.13732052
0.13212514
0.15138149
0.12951899
0.12506413
0.14206314
0.12704563
0.14435935
0.14950776
0.14732957
0.15650892
0.15020847
0.13982987
0.14298129
0.14898968
0.13190103
0.14192152
0.15180087
0.13930798
0.11804152
0.13676071
0.13893366
0.13838959
0.11567879
0.13959455
0.12771869
0.14394712
0.14282465
0.12623191
0.11898232
0.15203285
0.17319989
0.13954711
0.14527678
0.15642834
0.13403988
0.14238882
0.13534689
0.13191938
0.13519573
0.13546896
0.15817714
0.16614842
0.14949727
0.12782431
0.17201233
0.12991047
0.14148188
0.14064574
0.12996387
0.13296986
0.15043688
0.14890695
0.13377213
0.16681743
0.13195252
0.14720297
0.15844679
0.14245462
0.14734983
0.15162539
0.12817597
0.13822961
0.14280725
0.14114499
0.13649678
0.14518738
0.13682365
0.14549065
0.14822221
0.14536858
0.13244748
0.15030789
0.13133693
0.12902975
0.14384460
0.14876986
0.14061880
0.13479972
0.13555837
0.15909529
0.12375784
0.13295984
0.13584900
0.12544298
0.15937829
0.15585256
0.14663601
0.13510275
0.12192416
0.11554289
0.15913463
0.12752748
0.14950228
0.14211440
0.14315224
0.13938951
0.14225578
0.12391210
0.11983156
0.19277453
0.14469004
0.12028408
0.15380073
0.13066983
0.14240742
0.15031362
0.13848495
0.14529133
0.14017820
0.17369723
0.14428234
0.15871406
0.16377807
0.15500736
0.14055920
0.14874363
0.15026593
0.14952302
0.12691545
0.15822124
0.12964535
0.12333560
0.14185715
0.13951540
0.14429379
0.14489532
0.18237233
0.13857841
0.13786435
0.17974234
0.14878821
0.14491725
0.13386035
0.15213633
0.13229871
0.14395165
0.12655187
0.15724397
0.13516092
0.13606334
0.14582801
0.13564134
0.13024664
0.14094877
0.13794374
0.13424444
0.12256908
0.12513947
0.12676930
0.14525843
0.14560246
0.13829947
0.14035225
0.14332056
0.14148355
0.13473153
0.14871454
0.11850786
0.14791656
0.14432049
0.13346100
0.14171767
0.14413381
0.13741422
0.14012575
0.14283133
0.14177561
0.14145827
0.12531209
0.13427567
0.13380766
0.14107275
0.12048841
0.14414668
0.14982653
0.13496304
0.13113046
0.13930917
0.15726471
0.13923430
0.12856293
0.14262581
0.14368939
0.11537242
0.11881590
0.14647436
0.13627672
0.11673665
0.12576222
0.12465048
0.11949468
0.13911915
0.13657379
0.12389302
0.12810111
0.12752056
0.13780975
0.16247106
0.13406420
0.12682128
0.12401676
0.13513207
0.11929655
0.15226603
0.14536572
0.12996650
0.13421583
0.13458133
0.13772798
0.13121629
0.13897347
0.13338375
0.14304852
0.13480067
0.13373256
0.12836432
0.13699794
0.16689086
0.16017509
0.17858410
0.13056827
0.14135242
0.14185667
0.14235330
0.15088367
0.14955115
0.14104605
0.16214919
0.13328004
0.12898445
0.17147255
0.14136958
0.14393997
0.13155198
0.14350104
0.14540815
0.14338636
0.13536263
0.14942932
0.13094449
0.15824056
0.13356447
0.12868285
0.16111684
0.14448571
0.14689970
0.15147853
0.14636636
0.11527872
0.13983727
