0.04243398
0.11686301
0.10642529
0.09663367
0.10450387
0.09582663
0.09863448
0.08654189
0.09400940
0.08795190
0.09970737
0.08813858
0.11717415
0.09109783
0.11488652
0.08196712
0.07628250
0.10340285
0.10192680
0.09470391
0.09690976
0.09188342
0.08635044
0.09091973
0.09902167
0.07951379
0.08665252
0.11056542
0.09377146
0.08785892
0.13259411
0.12532926
0.09687018
0.10853791
0.09557939
0.08559823
0.09636259
0.09592652
0.09930682
0.09950447
0.08520341
0.09272552
0.09540629
0.08704209
0.12799883
0.08616138
0.11717868
0.09694719
0.10364890
0.07986212
0.11333394
0.08560371
0.10808921
0.07851887
0.10414553
0.11635017
0.09104705
0.09177661
0.08818221
0.11981726
0.09473753
0.10647225
0.09060693
0.10210204
0.09015489
0.09087062
0.09580588
0.09427357
0.08626246
0.09603238
0.09533620
0.08610153
0.09792733
0.09412980
0.10098934
0.08950186
0.09678531
0.08108282
0.11352539
0.08921289
0.08293056
0.07779455
0.08753014
0.09665227
0.10115266
0.10003066
0.10109210
0.10387540
0.08913922
0.09432006
0.08725119
0.12296391
0.09871078
0.09968448
0.08006215
0.07621813
0.08622861
0.11310577
0.08684802
0.09221625
0.09178948
0.09785795
0.08934259
0.08923912
0.09150147
0.07640910
0.08393884
0.11538172
0.09241033
0.09094191
0.08693504
0.08733034
0.08994293
0.09456897
0.08925867
0.08119106
0.08719754
0.08299327
0.08312845
0.09580898
0.09346008
0.09370112
0.08985686
0.08511972
0.11352444
0.07326603
0.08562994
0.07656622
0.08357668
0.09651923
0.10359859
0.09292817
0.10131574
0.10721660
0.13275385
0.09174490
0.11217570
0.10165000
0.09276509
0.09118915
0.07490563
0.08197093
0.08138251
0.07905793
0.10749054
0.11667848
0.07662606
0.08820367
0.07753754
0.10259676
0.10178113
0.09692049
0.08202505
0.10314965
0.09566855
0.09097600
0.09162426
0.08302331
0.08742070
0.09042430
0.09080434
0.10527372
0.08537984
0.08352470
0.08807611
0.10205650
0.09585786
0.09637022
0.09624219
0.08257532
0.09610629
0.07851481
0.09626198
0.09368515
0.09113646
0.09114528
0.08984613
0.08514118
0.09465432
0.10646176
0.09076428
0.08824587
0.07709312
0.09018493
0.11091399
0.10244417
0.10483742
0.08405685
0.09153461
0.07892537
0.09045887
0.10008645
0.08424950
0.09321833
0.09102726
0.10392070
0.09790802
0.08442664
0.08485723
0.08926320
0.08524871
0.09393930
0.08718514
0.10153866
0.08475471
0.07733369
0.07532024
0.09923339
0.09153938
0.08041596
0.07994676
0.09137774
0.08005261
0.09428310
0.07545090
0.09650040
0.08383512
0.08068109
0.08600998
0.07674670
0.07083344
0.07996702
0.08526111
0.08704638
0.08519626
0.08988523
0.08342671
0.07735825
0.08786392
0.08173847
0.08232021
0.08812332
0.09228325
0.09743619
0.08554840
0.09365249
0.09541273
0.09699154
0.09557748
0.08860373
0.10165381
0.09154201
0.09691787
0.09417653
0.09453964
0.09298801
0.08677292
0.11798787
0.09644246
0.07352614
0.09049582
0.10221028
0.09953332
0.09517431
0.08709955
0.07286072
0.08646989
0.09209514
0.09433889
0.09748864
0.09148932
0.09000039
0.07920504
0.09660292
0.09596848
0.08160615
0.09491324
0.09920382
0.08892608
0.09707689
0.09712720
0.11233091
0.10241771
0.09643388
0.09478712
0.08468413
0.08827806
0.07774067
0.09765124
0.10519338
0.07921481
0.07952285
0.08964443
0.09968734
0.07466841
0.08628249
0.09156680
0.07334018
0.09985757
0.08887219
0.10486507
0.08514237
0.08938885
0.07392716
0.09559870
0.08975148
0.08194375
0.09518433
0.10987735
0.10656118
0.07927895
0.09746575
0.11344743
0.10633922
0.08270884
0.08191204
0.09527707
0.11045718
0.09082127
0.10066819
0.09444833
0.08150506
0.09262300
0.09575820
0.08436871
0.12438536
0.09143329
0.09645939
0.09520555
0.09012055
0.09402013
0.08978176
0.12828469
0.09409380
0.09697294
0.08976865
0.11606789
0.08773613
0.08853126
0.08356881
0.09718037
0.08340359
0.09182978
0.11235285
0.11183619
0.10582161
0.09401107
0.10504174
0.12609601
0.09003496
0.10237694
0.09655619
0.10720062
0.09488606
0.08969402
0.10173583
0.11886764
0.11325073
0.09346437
0.08698702
