0.04939151
0.11705470
0.09212708
0.12060142
0.12877226
0.10767651
0.11602902
0.10527325
0.09739208
0.09570956
0.13805985
0.11186457
0.11535907
0.11378479
0.12194228
0.09198785
0.12733054
0.12438464
0.09891534
0.10417175
0.08568215
0.09923387
0.10630584
0.10551739
0.11176300
0.09817243
0.10157752
0.11674023
0.11425090
0.12528539
0.08758020
0.08686376
0.11051536
0.13084960
0.09524226
0.09615207
0.09176302
0.11087251
0.09823346
0.09590602
0.10303855
0.09676170
0.09713078
0.10195494
0.11772180
0.13899016
0.09786057
0.08815098
0.09151697
0.10584998
0.10235429
0.10385823
0.08967781
0.12497306
0.11057019
0.13948631
0.10205364
0.10747910
0.11829686
0.08823204
0.10492873
0.09655666
0.11438441
0.14550114
0.14490199
0.14591789
0.09801126
0.10072637
0.10086656
0.09001422
0.09043813
0.10644341
0.09994578
0.11343956
0.09590435
0.10089231
0.10432434
0.10350537
0.10155225
0.11448455
0.10145283
0.13029051
0.11615086
0.10355234
0.11032629
0.11067414
0.12604308
0.10995364
0.11108112
0.09758568
0.11038923
0.09877443
0.10954309
0.11348510
0.10082603
0.10581923
0.11625457
0.09583092
0.09307671
0.10160995
0.09391475
0.09653759
0.10097528
0.09323978
0.08985496
0.09868121
0.10168719
0.10411954
0.10059953
0.09658360
0.09117365
0.09905243
0.10530806
0.10014009
0.09735465
0.11006379
0.11287236
0.10091066
0.09912920
0.09431291
0.08861089
0.09927201
0.10275269
0.11815429
0.09675002
0.09196615
0.10293341
0.10837054
0.11593795
0.10670042
0.08521461
0.10627556
0.09980941
0.09256101
0.13206363
0.10159278
0.10236120
0.10119867
0.10838270
0.11760736
0.09954262
0.10906315
0.10358238
0.12566185
0.10066652
0.12713051
0.10280418
0.09533501
0.11263561
0.10191274
0.12532616
0.11280918
0.10576272
0.11462760
0.10596132
0.08652163
0.10160041
0.11219049
0.10615468
0.11462355
0.11297321
0.12116718
0.11625886
0.10934806
0.10492969
0.10581470
0.10190821
0.10073328
0.10811448
0.08942294
0.10723972
0.08768845
0.11015010
0.10004401
0.11826611
0.09429741
0.08169651
0.10566306
0.09931898
0.10228086
0.09414840
0.11223960
0.11488700
0.12686348
0.11090088
0.10565639
0.09750390
0.10341144
0.08898234
0.09789824
0.11041975
0.10538912
0.09314585
0.10210729
0.09375620
0.08139753
0.08893204
0.10703874
0.11208129
0.09361458
0.08287382
0.10144258
0.10142779
0.08700085
0.11152482
0.10495496
0.10653019
0.09466147
0.10835600
0.09764028
0.09609914
0.10823417
0.14796114
0.12796688
0.12787294
0.10099006
0.10108352
0.12654209
0.10828662
0.10981417
0.09948325
0.09350014
0.12411714
0.10738897
0.10435653
0.09692025
0.11890054
0.11319876
0.11016059
0.10255814
0.10212779
0.10313010
0.10006404
0.09597898
0.12366414
0.10162020
0.08736253
0.09340978
0.10794592
0.10302567
0.11473274
0.11538911
0.09540653
0.09746647
0.10939622
0.10260868
0.12231541
0.08561873
0.11756873
0.10242295
0.09987116
0.09547615
0.10028386
0.08803296
0.11222339
0.09220362
0.09303832
0.10327482
0.09814358
0.11068583
0.11728668
0.11994100
0.11186266
0.10412645
0.13425207
0.10159397
0.08875108
0.12096190
0.11665559
0.10628390
0.11462235
0.12530375
0.13095164
0.11504722
0.11820292
0.11722851
0.09956121
0.08991504
0.10891032
0.11306071
0.11394501
0.11465454
0.09288073
0.10631967
0.11170030
0.09229350
0.12063074
0.13715839
0.09878802
0.10432172
0.10089087
0.10182190
0.08801723
