0.03099132
0.11559296
0.12554002
0.09221172
0.11497951
0.10183549
0.09391475
0.10840416
0.08890605
0.09470892
0.09268904
0.12691975
0.12167048
0.09689403
0.12875748
0.13052320
0.09373903
0.08861136
0.10706782
0.09424496
0.09955621
0.10142946
0.09090233
0.10714102
0.09902501
0.10203624
0.10842896
0.09723902
0.09800410
0.10441089
0.09147191
0.12784839
0.11150384
0.11846232
0.10610652
0.11198211
0.11848736
0.12579966
0.12057567
0.09813213
0.11765313
0.09097362
0.10743427
0.10286093
0.10017347
0.13836145
0.10553765
0.11804867
0.13095450
0.10054612
0.10473514
0.10740137
0.10759449
0.09670973
0.08258843
0.10506082
0.10776806
0.09881258
0.11122441
0.10599399
0.09560966
0.11032200
0.11993718
0.10100245
0.10775781
0.12097359
0.11724949
0.10121703
0.11076260
0.13669014
0.10596967
0.12512112
0.09844255
0.09515643
0.12365985
0.10242820
0.10133243
0.11216307
0.10910869
0.11172748
0.09530520
0.10579729
0.14270568
0.09716916
0.10974431
0.12025928
0.10764217
0.11835957
0.11705399
0.10905623
0.10616565
0.11507893
0.09401250
0.09055519
0.08910179
0.09836745
0.08353305
0.11086679
0.09531093
0.09708500
0.10969496
0.09397364
0.10518956
0.11435056
0.11779118
0.10034847
0.10169864
0.10270762
0.10346055
0.09250712
0.09878802
0.09757304
0.10000992
0.10636950
0.10976863
0.10225677
0.10511875
0.10671735
0.11158371
0.08672810
0.10830855
0.13160563
0.13199663
0.12003326
0.12526274
0.12527657
0.11479902
0.11093903
0.10701370
0.09995198
0.10668182
0.13346243
0.12225413
0.12890983
0.13812137
0.11794019
0.11843443
0.09928656
0.11656284
0.09682870
0.10889316
0.09966326
0.09663582
0.10427785
0.11126590
0.09264565
0.12689042
0.10636234
0.11708713
0.11694765
0.09911299
0.11626172
0.09803438
0.10353327
0.10980439
0.11125135
0.08510017
0.09917879
0.09743905
0.10110760
0.10201764
0.08915329
0.11039925
0.09620166
0.10458660
0.11348391
0.11160755
0.11450100
0.10537672
0.09534836
0.10363054
0.09827566
0.10036111
0.12181759
0.12120318
0.11021638
0.12765813
0.13282466
0.12383628
0.12021065
0.11728644
0.10882688
0.11315107
0.10228133
0.09518456
0.09645748
0.09697628
0.10631037
0.10654783
0.11169052
0.10480213
0.12882924
0.12210298
0.10819101
0.11101723
0.11649346
0.11080718
0.11155152
0.11811829
0.09588957
0.09252357
0.10900950
0.09794378
0.12565923
0.12381411
0.11228895
0.11036134
0.12764907
0.13202500
0.10300469
0.09736657
0.10321736
0.13361168
0.10298228
0.10772038
0.10805416
0.11794472
0.11350489
0.09869933
0.12392950
0.10408878
0.10034466
0.11895275
0.12152171
0.09292340
0.10065413
0.11336708
0.09867072
0.09189057
0.09615922
0.09260154
0.11722898
0.10262084
0.08591247
0.10640359
0.10177469
0.10243225
0.09556866
0.09498429
0.11300206
0.10949564
0.09738135
0.10221195
0.09628296
0.09745455
0.09674287
0.09383678
0.08828664
0.10324049
0.12341881
0.11943483
0.10895252
0.10225201
0.10899258
0.10830522
0.11027932
0.09216166
0.08614898
0.09487104
0.10021901
0.09821677
0.10940862
0.11114597
0.11801267
0.10606813
0.10200834
0.10067153
0.09667134
0.09944201
0.09256530
0.11928964
0.10522294
0.10906649
0.08998251
0.08192468
0.09351468
0.10545444
0.11431861
0.11449718
0.11714911
0.09792256
0.09273052
0.12570739
0.09973931
0.09396100
0.08288360
0.10516262
0.09897375
0.11464643
0.10492039
0.10725617
0.09843302
0.09608865
0.09314418
0.09981585
0.08533907
0.09586525
0.09515190
0.09721088
0.10993862
0.10060167
0.10562682
0.11004186
0.09246278
0.09899712
0.09179020
0.11872554
0.09965801
0.10291338
0.10513997
0.09312940
0.08602667
0.08682156
0.12810898
0.11078668
0.10491085
0.11316180
0.10509610
0.09974504
0.10191917
0.08613610
0.11792588
0.08707952
0.11053133
0.11135006
0.10273337
0.10195112
0.09988904
0.09558272
0.10291815
0.12966418
0.09976959
0.08918476
0.10696936
0.10356402
0.09132528
0.08757472
0.09378648
0.10018396
0.09730744
0.09999466
0.11215258
0.10978866
0.11073208
0.12746310
0.11278462
0.09547567
0.08302069
0.09360266
0.09040523
0.09164786
0.08172154
0.11413932
0.08689809
0.09612274
0.10124588
0.10713124
0.10722804
0.09489989
0.08580256
0.11026621
0.10570979
0.08512878
0.10363388
0.10159969
0.08978295
0.08356094
0.10219884
0.10448384
0.09918714
0.08615923
0.10413671
0.09719563
0.08032393
0.09740376
0.09316945
0.09160829
0.09433842
0.09530783
0.09279037
0.10338902
0.09700990
0.11701179
0.08673596
0.10159111
0.09619117
0.09976268
0.10045362
0.10067058
0.09076643
0.08463383
0.08280921
0.08451772
0.08365631
0.08307052
0.08460259
0.08439445
0.08166027
0.08041739
0.07923150
0.07756495
0.08012152
0.07791042
0.08378673
0.08160281
0.08216786
0.07750988
0.07787728
0.08225679
0.08005643
0.07923532
0.07850599
0.08305264
0.08216953
0.08596468
0.07805419
0.08408380
0.08284903
0.08073521
0.08133674
0.07760096
0.08177948
0.08393598
0.08436012
0.08162475
0.07992029
0.08176160
0.08065605
0.07793236
0.08149505
0.08148479
0.08282351
0.08599186
0.08583641
0.08446741
0.08353138
0.08516049
0.08182192
0.08002853
0.08244443
0.08019805
0.08404016
0.08325577
0.08424664
0.08297610
0.08541489
0.08523321
0.08558083
0.08373284
0.08157969
0.08125544
0.08140326
0.08135200
0.08296418
0.08279943
0.08252048
0.08367753
0.08194828
0.08075786
0.08082294
0.08293700
0.08326340
0.08436346
0.08537316
0.08365560
0.08536816
0.08275771
0.08275270
0.07919812
0.08147216
0.08201838
0.08079672
0.08027244
0.08224320
0.08258367
0.08958197
0.08216858
0.08251882
0.08126807
0.08485413
0.07975769
0.08046913
0.08104396
0.08153749
0.08141994
0.08010578
0.08187032
0.08006692
0.08303356
0.08278680
0.08257699
0.07885456
0.08239794
0.08461547
0.07979035
0.08299398
0.09395909
0.08206654
0.08445764
0.08164740
0.07969832
0.07850575
0.08595467
0.08713436
0.08387756
0.08511376
0.08383512
0.09010601
0.08444285
0.08236337
0.08169627
0.08299685
0.08159137
0.08118343
0.08141494
0.08151960
0.08378839
0.08433962
0.08222127
0.08139801
0.08184600
0.08427787
0.08351278
0.08107829
0.08262515
0.08424354
0.08558416
0.08042049
0.08102655
0.07967854
0.08146477
0.08541465
0.08257771
0.08410740
0.08058596
0.07771063
0.08031583
0.08108044
0.08136678
0.08892941
0.08579683
0.07815218
0.07486844
0.07840204
0.08047557
0.08286786
0.07938242
0.07821345
0.07820368
0.08263087
0.08175850
0.07666731
0.08112836
0.08216405
0.08106804
0.08160281
0.07992458
0.07973695
0.08601713
0.09297037
0.08795524
0.08670235
0.08495355
0.08551812
0.08701038
0.08239031
0.08273602
0.08234644
0.08453751
0.09216332
0.07747054
0.07757449
0.08108878
0.08021379
0.08082581
0.07977986
0.07985735
0.08342314
0.08411694
0.07781887
0.07839990
0.08018804
0.08149743
0.08510709
0.08175063
0.07632184
0.07705998
0.08067489
0.08102345
0.07697749
0.07812095
0.08227491
0.08149791
0.08023763
0.07659769
0.08200526
0.08055663
0.07975078
0.07958317
0.07814646
0.07975745
0.08142138
0.07950640
0.07935596
0.07802391
0.07622576
0.07687187
0.07962799
0.08151364
0.08003020
0.08044004
0.07864332
0.07808638
0.08273506
0.08070755
0.07616138
0.08206010
0.08456206
0.08437109
0.08005810
0.08748960
0.08159566
0.08225393
0.07808995
0.07992435
0.08086419
0.07865787
0.08062029
0.07901764
0.07670641
0.07871175
0.07898211
0.08180618
0.07705474
0.07306433
0.08155918
0.08652687
0.08291459
0.08320951
0.07980275
0.07525182
0.08157897
0.08637238
0.08357620
0.08322644
0.08556247
0.08470798
0.08350205
0.08058763
0.07853556
0.08247066
0.08123589
0.08226800
0.08124661
0.08037734
0.08354235
0.08303404
0.07999921
0.08155489
0.08009648
0.08283401
0.08106542
0.08030224
0.08063793
0.08074498
0.08153725
0.08301830
0.08301783
0.07780051
0.07764769
0.08429694
0.08257699
0.08137155
0.08247352
0.08736229
0.08546638
0.08188415
0.08592534
0.08384562
0.08526278
0.08197403
0.07899857
0.08105493
0.08254099
0.08467364
0.08083916
0.07929778
0.08222532
0.08636642
0.08180666
0.07884359
0.07870173
0.07871866
0.08280301
0.08285379
0.08232331
0.07949877
0.08049631
0.08154535
0.08194613
0.08076167
0.08031750
0.08012342
0.08518171
0.08691740
0.07875681
0.07899380
0.08071637
0.08163929
0.07823730
0.13051987
0.09900641
0.10106516
0.12597680
0.09960413
0.09963608
0.10172582
0.09844136
0.09559178
0.08281350
0.08298039
0.08041477
0.08052230
0.07949853
0.08236241
0.14698482
0.09941745
0.09549761
0.09721756
0.09429479
0.09608650
0.08355808
0.08208060
0.08195806
0.08287072
0.08244967
0.08356690
0.08559465
0.07932091
0.07989955
0.08050275
0.08237910
0.08054614
0.08183432
0.08021259
0.07983828
0.08187628
0.08151150
0.08046532
0.07844019
0.08071828
0.08158517
0.08166599
0.08157325
0.07793260
0.07806468
0.08180380
0.07890153
0.07697368
0.07416296
0.07544708
0.08092189
0.07714391
0.07419419
0.07549214
0.07657480
0.07805538
0.07851768
0.07935619
0.08187652
0.07852340
0.07819986
0.07496262
0.07737899
0.08080578
0.08059311
0.08514833
0.08072782
0.08009005
0.07368445
0.07819724
0.07871294
0.08149219
0.07708764
0.07776356
0.07949400
0.07686734
0.08432293
0.07816935
0.07918620
0.07902861
0.07619619
0.07580614
0.08013058
0.07861686
0.08104801
0.08280134
0.07799625
0.08125925
0.08239269
0.08280921
0.08550310
0.07850218
0.08222437
0.11569643
0.09150720
0.11858201
0.08298540
0.08484840
0.08181405
0.08658743
0.08814812
0.08666301
0.08310294
0.08701134
0.10021544
0.08718944
0.08727860
0.09982967
0.08539557
0.08619404
0.08773613
0.08513832
0.08457351
0.08693743
0.08966541
0.09059143
0.08544374
0.08185506
0.08361793
0.08466005
0.08503342
0.08411360
0.08265805
0.08405137
0.08412170
0.08527923
0.08397317
0.08274889
0.08385634
0.08541036
0.08163691
0.08416557
0.08248878
0.08146882
0.08359647
0.08658195
0.08157611
0.07984066
0.07412481
0.08017254
0.08406758
0.07713795
0.07443762
0.07721949
0.08139825
0.07879925
0.08054376
0.08180189
0.07914352
0.13186049
0.08079696
0.07810712
0.08072758
0.07857656
0.08069992
0.07947040
0.07408786
0.07332897
0.07848263
0.08287120
0.07710099
0.08181691
0.08174038
0.08321786
0.07683849
0.08208442
0.07621551
0.07748723
0.08254385
0.08341360
0.08384538
0.08132792
0.08044124
0.08037162
0.07952642
0.08017492
0.08150125
0.08392763
0.08679199
0.08150721
0.09855556
0.10850716
0.09839869
0.09761548
0.09677958
0.09751344
0.09283543
0.08414888
0.08508968
0.08457255
0.13041639
0.09825683
0.09925056
0.09891987
0.09965730
0.09763312
0.08637261
0.08642888
0.08762074
0.08602047
0.08686280
0.08797026
0.08654857
0.08573365
0.08859372
0.08935237
0.08994603
0.08999634
0.09257579
0.08949494
0.08738303
0.08729029
0.08512974
0.08471680
0.08865070
0.08535695
0.08331251
0.08150959
0.08530378
0.08497119
0.08390403
0.08334589
0.08318138
0.07893944
0.07945371
0.08135462
0.08435440
0.08578920
0.08415270
0.08389878
0.08043885
0.08576798
0.08427072
0.08078122
0.07844281
0.08452082
0.08647943
0.08408260
0.08357263
0.08175731
0.08350158
0.08605242
0.08573985
0.08362436
0.08501410
0.08585691
0.08677506
0.08756399
0.08495402
0.08638644
0.08459306
0.07991242
0.08448601
0.08781695
0.08573675
0.08260822
0.07946467
0.07780433
0.07800913
0.08071280
0.08048487
0.07619691
0.07642794
0.07779598
0.07976532
0.08096218
0.07795596
0.07900977
0.07979250
0.08214593
0.08614421
0.07759237
0.07609296
0.07803345
0.07820916
0.07868576
0.07882261
0.09300303
0.08560395
0.08163595
0.07824421
0.08022714
0.08375573
0.08559251
0.08540273
0.08002567
0.07919025
0.08251286
0.08483601
0.08509994
0.08330083
0.08206129
0.08068752
0.08249617
0.08597994
0.07835865
0.07879186
0.08067417
0.08177042
0.07802463
0.07415414
0.07914186
0.07873821
0.07924390
0.07981849
0.08061409
0.08162022
0.08050394
0.08232713
0.07990789
0.07855177
0.07755899
0.08088398
0.08903527
0.07514334
0.07694793
0.08013940
0.07678318
0.07728934
0.07802939
0.07717443
0.07657480
0.07760334
0.07885861
0.08202839
0.07399011
0.07791495
0.08159328
0.08464384
0.07869005
0.07603025
0.08126855
0.07791471
0.08165646
0.08051181
0.08017802
0.08045220
0.08102703
0.08710289
0.07877588
0.07556391
0.07995081
0.07929850
0.08087540
0.07609844
0.07683730
0.07659793
0.07824874
0.07989502
0.07714510
0.07423162
0.07560754
0.08111572
0.08273745
0.07919741
0.07573080
0.08052731
0.08063316
0.07927346
0.07550430
0.07608557
0.07833433
0.08173776
0.08057404
0.07450676
0.07630610
0.08035493
0.07846022
0.07872200
0.07695341
0.08343291
0.08295798
0.08312845
0.08236265
0.08001471
0.08311677
0.08221674
0.08525825
0.07911229
0.08129311
0.07958603
0.08409262
0.08444762
0.07640314
0.07836628
0.08566403
0.08283496
0.08676243
0.08349037
0.08811259
0.08754373
0.08746552
0.08839488
0.08054519
0.08793998
0.08216238
0.08408523
0.08241391
0.07994628
0.08530974
0.08594728
0.08575439
0.12163115
0.08621120
0.08549404
0.08391809
0.09172344
0.08831859
0.08850002
0.08838487
0.08552146
0.08251905
0.08378339
0.08673453
0.08354092
0.08275604
0.08031654
0.07941842
0.08533740
0.08299422
0.09528542
0.09090877
0.08547235
0.08676696
0.08670092
0.08984542
0.08614159
0.08282614
0.08423758
0.08300567
0.08869147
0.08807373
0.08600450
0.08782005
0.08791351
0.08847880
0.08624864
0.09448147
0.08192420
0.08575225
0.08723736
0.08826399
0.08732510
0.08621860
0.08684134
0.09359932
0.10182595
0.09716320
0.09731054
0.08910203
