0.03142977
0.07647991
0.07615209
0.07267499
0.07427382
0.07363129
0.06960440
0.07417393
0.07187390
0.07235122
0.07186341
0.07419610
0.07350087
0.07271719
0.07745790
0.07981634
0.07884645
0.07746029
0.08210683
0.07937407
0.08666754
0.07755494
0.07591629
0.07809258
0.07937574
0.07656789
0.07149339
0.07409906
0.07498980
0.07941031
0.07328510
0.09139824
0.12682605
0.09266758
0.09116268
0.09065080
0.08961010
0.09482360
0.07870650
0.07538342
0.07395482
0.07349491
0.11558056
0.09096265
0.09134912
0.08879495
0.09184003
0.08780432
0.08579779
0.07795858
0.07484746
0.07868981
0.07646632
0.07406449
0.08028913
0.12491965
0.09061313
0.09088349
0.09016395
0.09244013
0.09160209
0.08120465
0.07439566
0.07920909
0.07767677
0.07888579
0.07611656
0.09014654
0.07517076
0.07718015
0.07769465
0.07494855
0.07028151
0.07266688
0.08038425
0.08327007
0.07932210
0.07545137
0.07527256
0.08146715
0.07737136
0.07536864
0.07558846
0.07587218
0.08120561
0.07470465
0.07840562
0.07177424
0.07583070
0.07534051
0.07715464
0.07392597
0.07459331
0.07575512
0.07647824
0.07632565
0.07110786
0.07285833
0.07005930
0.07514763
0.07531118
0.07423997
0.07375956
0.07353687
0.07709813
0.07832599
0.07388020
0.07271957
0.07577205
0.07649565
0.07640243
0.07542825
0.07845902
0.08198452
0.07841206
0.07894516
0.07303023
0.07365036
0.08453012
0.07762313
0.07462502
0.07062054
0.06948161
0.06965089
0.07184196
0.07866621
0.07524753
0.07699680
0.07569575
0.07416940
0.07418728
0.07036519
0.07306123
0.07736278
0.07986212
0.07360196
0.07196140
0.07274151
0.07405233
0.07371330
0.07313776
0.07325125
0.07190990
0.07070160
0.07033467
0.07519174
0.07236266
0.08015656
0.07576847
0.07118988
0.07732129
0.08079863
0.07712102
0.07341433
0.07705688
0.07854319
0.07587314
0.07164288
0.06870508
0.07160878
0.07595491
0.07538199
0.07322526
0.07408428
0.07421875
0.07592106
0.07493639
0.07484317
0.07427168
0.07467055
0.07494092
0.07171059
0.07439113
0.07472730
0.07571077
0.07497692
0.12152410
0.08963275
0.08731222
0.08841920
0.09042573
0.09040713
0.07812357
0.07766938
0.07616997
0.07770705
0.10922623
0.08905506
0.08986831
0.10760045
0.09043598
0.08880973
0.07460928
0.07501507
0.07623076
0.07181311
0.07150555
0.08392358
0.07789493
0.08053589
0.07690048
0.07336116
0.07712960
0.07699442
0.07969260
0.07593107
0.07749796
0.07492590
0.07355213
0.07454920
0.07284904
0.07370329
0.07516718
0.07739902
0.07935476
0.07669258
0.07398319
0.07632422
0.07627130
0.07916570
0.07582331
0.07912517
0.07534790
0.07841754
0.07989597
0.07998896
0.07590055
0.07475519
0.07811260
0.07502532
0.07433915
0.07418823
0.07386208
0.07387137
0.07609296
0.12709069
0.08739424
0.09405589
0.09240198
0.08965850
0.09115863
0.08377647
0.07555795
0.07843614
0.07579279
0.07730460
0.07583976
0.07660460
0.07736874
0.07361889
0.07327104
0.07531667
0.07704544
0.07687902
0.07202625
0.07243848
0.07297158
0.07080054
0.07321882
0.07333612
0.07408714
0.07141113
0.07236719
0.07644963
0.07331586
0.07412481
0.07723713
0.08051705
0.07642508
0.07403564
0.07391739
0.07707930
0.07374191
0.07357049
0.07606006
0.07383704
0.07023787
0.07064509
0.07625389
0.07801676
0.07374215
0.07232070
0.06962204
0.07309628
0.07722878
0.07452703
0.07341862
0.07107639
0.07559752
0.07690310
0.07633948
0.07371068
0.07128787
0.07766056
0.07524848
0.07397270
0.07455492
0.07585526
0.07630157
0.07531190
0.07532811
0.07327151
0.07290101
0.07531309
0.07569480
0.07839966
0.07130075
0.07199764
0.07305598
0.07291293
0.07190800
0.06851816
0.07102585
0.07152247
0.07523203
0.12168360
0.09104562
0.08896399
0.09307051
0.08954382
0.08927274
0.07762456
0.08095551
0.07439446
0.07321548
0.07721567
0.07591438
0.07670999
0.07596207
0.07314801
0.07683825
0.07667565
0.07532930
0.07521653
0.07677126
0.07366061
0.07614589
0.07593417
0.07630205
0.07622337
0.07433248
0.07591772
0.07381344
0.07548714
0.07375693
0.07181239
0.07118845
0.07181001
0.07434058
0.07754493
0.07405162
0.07126594
0.07382274
0.07664204
0.07646322
0.07533884
0.07561278
0.07471275
0.07124424
0.07568359
0.07126260
0.07308984
0.07754159
0.07693458
0.07804418
0.07559395
0.07638264
0.07625437
0.07674217
0.07660031
0.07425117
0.07481885
0.07478046
0.07821012
0.08358502
0.07247448
0.07259369
0.07625771
0.07570076
0.07770562
0.07671452
0.07637668
0.07569432
0.07616615
0.07693553
0.07583213
0.07287812
0.07345319
0.07807088
0.12854457
0.09086752
0.08955312
0.09247732
0.09208798
0.09322309
0.08828020
0.07460928
0.07397342
0.07553530
0.07613039
0.07450867
0.07755232
0.07615328
0.07642794
0.07528925
0.07370496
0.07639360
0.07689238
0.07739568
0.07731152
0.07514644
0.07379913
0.07609892
0.07659292
0.07715392
0.07650614
0.07587004
0.07719660
0.07687449
0.07398105
0.07706046
0.07751441
0.07463622
0.07300138
0.07243776
0.07019949
0.07408667
0.07581258
0.07528162
0.07469082
0.07655692
0.07512093
0.07729506
0.07589507
0.07748795
0.07876658
0.07624125
0.07741523
0.08081675
0.07545757
0.07753325
0.07582760
0.07759571
0.08256865
0.07533169
0.07274652
0.07185364
0.07596111
0.08392072
0.07726979
0.07546234
0.07747293
0.07347107
0.07400393
0.07494640
0.07616591
0.07540512
0.07585645
0.07649875
0.07756639
0.07377315
0.07507420
0.07395411
0.07594371
0.07533550
0.07196689
0.07727098
0.07792020
0.07890368
0.07588673
0.07403064
0.07395625
0.07551217
0.07510638
0.07457113
0.07201409
0.07315755
0.07439804
0.07478666
0.07367396
0.07172155
0.07635880
0.07430410
0.07754326
0.07834721
0.07258964
0.07286072
0.07453346
0.07498741
0.07477379
0.07373071
0.07419848
0.07230854
0.07836151
0.07732034
0.07424450
0.07590771
0.07145238
0.07564497
0.07709622
0.07852912
0.07151246
0.07126832
0.07396650
0.07625103
0.07210684
0.07010746
0.06975174
0.07132745
0.07392406
0.07512140
0.07387376
0.07072258
0.07061243
0.07582498
0.07722425
0.07156038
0.07198644
0.07437849
0.07845044
0.07443357
0.07260442
0.07292509
0.07266259
0.07338572
0.07567072
0.07246661
0.07032084
0.06879115
0.07236362
0.07537150
0.07203364
0.07086134
0.07225990
0.07365155
0.07545924
0.07615900
0.07043481
0.07119775
0.07035232
0.07446480
0.07503581
0.07353783
0.07327700
0.07262778
0.07224011
0.07307863
0.07086015
0.07020140
0.07104278
0.07222629
0.07720685
0.07394838
0.07173824
0.07133460
0.07157993
0.07228017
0.07593322
0.07146692
0.07203698
0.07238364
0.07538772
0.07391977
0.07159209
0.07189369
0.07226467
0.07276273
0.07500148
0.07130361
0.07037091
0.07024074
0.07553053
0.07742167
0.07205749
0.07027745
0.07071686
0.07342887
0.07383490
0.07277894
0.09577513
0.07437992
0.07511067
0.07632971
0.07397318
0.07331920
0.07598948
0.07400012
0.07351685
0.07542372
0.07092166
0.07137728
0.07278299
0.07831120
0.07976913
0.07691002
0.07633996
0.07455158
0.07569551
0.07591510
0.07363343
0.07341647
0.07273364
