0.02508497
0.06707144
0.06612754
0.06559658
0.06275630
0.06422901
0.06189537
0.05960059
0.05966926
0.06112432
0.06146288
0.06195831
0.06199908
0.05953240
0.06028271
0.06180716
0.06283855
0.06494403
0.06426406
0.06413722
0.06209588
0.06112432
0.06153059
0.06160331
0.05965900
0.06143880
0.06136107
0.06099367
0.06286740
0.06293750
0.05916023
0.06191754
0.06133008
0.06283855
0.06602359
0.06445432
0.06509542
0.06300712
0.06323886
0.06296134
0.06075859
0.06069040
0.06292439
0.06099653
0.06360483
0.06037855
0.06434989
0.06478214
0.06198168
0.06242156
0.06192470
0.06422782
0.06356382
0.06570554
0.05971479
0.06044245
0.05885172
0.06165695
0.06480527
0.06310415
0.06149673
0.06187272
0.06128263
0.06294775
0.06383228
0.06432080
0.06079507
0.06429410
0.06242228
0.06662893
0.06828403
0.07677937
0.07479024
0.07698607
0.10490894
0.07513070
0.07366872
0.07539368
0.07436419
0.07564473
0.08465385
0.07415009
0.06772161
0.05935407
0.06186581
0.05880547
0.05875468
0.06330132
0.05944490
0.06060314
0.09785843
0.07404923
0.07321429
0.07604790
0.07930684
0.07760596
0.08308268
0.07467055
0.07082105
0.06193209
0.06183267
0.06342387
0.06365800
0.06433225
0.06184363
0.06525469
0.06478977
0.06186724
0.06206512
0.06110644
0.06278443
0.06313181
0.06281853
0.05996442
0.06212997
0.05943370
0.05960059
0.06806159
0.07003021
0.05971789
0.05790520
0.05643344
0.05888963
0.06049132
0.06249404
0.05909133
0.05933189
0.06060243
0.06114459
0.06172848
0.06208515
0.11012769
0.07190990
0.07211161
0.07272243
0.07145882
0.07202101
0.07152915
0.06977296
0.06017447
0.05970383
0.07695699
0.08783412
0.10833836
0.07875991
0.09485078
0.07242966
0.07259631
0.07487392
0.07292533
0.07397819
0.07163668
0.07125115
0.06296992
0.06348443
0.06026149
0.06119275
0.05986953
0.06012559
0.06015587
0.06339741
0.06317663
0.05744362
0.05660295
0.05829191
0.06144071
0.06119180
0.06161976
0.05981088
0.05965590
0.05743957
0.06089330
0.06856632
0.06309509
0.06169319
0.06787014
0.05899262
0.06571007
0.06449032
0.05828190
0.05780196
0.05899048
0.06116796
0.06232619
0.06078911
0.10263634
0.07066393
0.07083344
0.07278371
0.07114697
0.07319999
0.07132435
0.07162499
0.06208849
0.06452179
0.06523681
0.05977082
0.05898094
0.06106067
0.05933690
0.06167483
0.05879235
0.05801344
0.06059837
0.05762339
0.05847478
0.05910635
0.05588293
0.05729985
0.06096244
0.06148124
0.05934286
0.06102753
0.05836749
0.05867577
0.06028533
0.06195807
0.06205678
0.06152105
0.06250262
0.07575822
0.05946565
0.06180573
0.06241679
0.06220412
0.06167722
0.05958104
0.06186152
0.06015468
0.06123257
0.06223202
0.05923223
0.05879021
0.05860949
0.06262875
0.06102610
0.05969977
0.06011868
0.06187558
0.06288195
0.06280088
0.06248760
0.06051493
0.06178236
0.06129122
0.05983257
0.06207061
0.05792260
0.05709553
0.05791140
0.05981588
0.06064677
0.06391692
0.06459594
0.06293964
0.06557488
0.05713415
0.05755544
0.06196713
0.06229806
0.06326866
0.05774522
0.06084037
0.06229186
0.06161594
0.05883002
0.05533576
0.05667686
0.05505347
0.05548429
0.05901408
0.05939364
0.05789042
0.05860615
0.06087399
0.05965900
0.05779839
0.05981612
0.05790496
0.06224608
0.05850506
0.06162906
0.06105113
0.05934906
0.05932331
0.05845690
0.06146359
0.06132531
0.06216383
0.05899072
0.05695939
0.05752301
0.05697680
0.05938673
0.06070685
0.05899239
0.05781960
0.06081581
0.06125927
0.07234669
0.06155849
0.05932736
0.05914712
0.05883288
0.05863810
0.06189895
0.05990553
0.06029844
0.06556463
0.06275249
0.06219935
0.06260371
0.06184697
0.06196499
0.06071115
0.06094551
0.06060171
0.06106591
0.06163001
0.06147146
0.06104112
0.05907035
0.06069589
0.05753350
0.05878544
0.05735683
0.05813384
0.05743718
0.06399107
0.06470060
0.06185365
0.06055403
0.05734730
0.05908465
0.06087923
0.06004310
0.05912852
0.05753040
0.06051660
0.06035018
0.06316662
0.05959725
0.06055069
0.06102109
0.05947351
0.05851388
0.05964684
0.06155467
0.05980253
0.06441998
0.06046104
0.06492734
0.05825639
0.06185532
0.05964255
0.06178331
0.05952525
0.05820966
0.05950236
0.05854249
0.06207800
0.05882382
0.05888820
0.05888486
0.06105733
0.05943561
0.06130385
0.06180239
0.06109858
0.06142378
0.05866432
0.06371570
0.06677914
0.06437397
0.05995536
0.05958295
0.10356522
0.07135844
0.07102776
0.07113457
0.07138634
0.07070851
0.07197261
0.07094741
0.06386828
0.06254578
0.06297874
0.05919242
0.05986071
0.06022358
0.05938339
0.05653882
0.05823851
0.05694842
0.05930066
0.05868626
0.05975103
0.06245470
0.06362176
0.06137180
0.05910802
0.06409693
0.05858064
0.05964494
0.06199145
0.06205559
0.06281567
0.06152248
0.06211996
0.06324720
0.06119752
0.05885386
0.06233835
0.06067252
0.06100750
0.05878663
0.06082797
0.06109285
0.06715512
0.06287050
0.06175494
0.05990434
0.06105185
0.06246257
0.06625628
0.06060696
0.06051469
0.06070280
0.06160140
0.06074166
0.06180310
0.06304479
0.05846190
0.05974483
0.05910587
0.06211066
0.06083012
0.05787778
0.05899215
0.05910301
0.05962205
0.06029582
0.06191111
0.05562639
0.05603504
0.05892801
0.06188321
0.06169558
0.06392789
0.06302047
0.05889845
0.06247854
0.06152773
0.06265831
0.06450653
0.06381488
0.06000590
0.05817556
0.05836964
0.05845547
0.06001711
0.05644083
0.05543494
0.05647039
0.05813146
0.06037474
0.05906343
0.05484605
0.05760527
0.05883408
0.05932927
0.06013584
0.05963874
0.05614209
0.05770826
0.05981398
0.07833767
0.06215215
0.06070280
0.05879807
0.05805659
0.05782151
0.05816770
0.05902505
0.06246829
0.05794430
0.05619502
0.05820465
0.06127453
0.06070971
0.06135702
0.05628943
0.06009555
0.06031346
0.06100845
0.06292963
0.06014919
0.06065226
0.06078720
0.06102800
0.06098485
0.06095409
0.06176519
0.06214285
0.06116533
0.06021070
0.06432080
0.06172013
0.06561923
0.06220555
0.05814266
0.05666614
0.05832982
0.06031322
0.06092691
0.05782127
0.05838633
0.05913830
0.05715823
0.05776644
0.05802274
0.05801654
0.05634141
0.05854487
0.05764818
0.06062865
0.06071258
0.06072187
0.06292200
0.06324673
0.06294894
0.06155705
0.06363511
0.06154466
0.06230760
0.05763912
0.06149101
0.06287289
0.06037283
0.05895996
0.06129742
0.06081676
0.05888247
0.05940151
0.05862617
0.05527329
0.05481529
0.05579185
0.06167006
0.06175828
0.06403899
0.06008029
0.06005120
0.05975747
0.06519842
0.06084633
0.05817628
0.05562663
0.05878806
0.05721879
0.05848479
0.05973554
0.05659819
0.05917358
0.05799699
0.05504942
0.06771779
0.06128645
0.05941033
0.05928564
0.06256461
0.06230950
0.06740999
0.06632257
0.06013727
0.05912709
0.06128454
0.05945849
0.06122923
0.06215334
0.06186604
0.05928421
0.06017804
0.05913973
0.06595349
0.06535411
0.05684137
0.05822802
0.05724120
0.05906653
0.06040430
0.08798885
0.10551095
0.07287669
0.07209420
0.07161164
0.07231927
0.07249188
0.07406640
0.07371998
0.06689000
0.06005597
0.06266069
0.06083179
0.06067324
0.06713080
0.06376410
0.06268287
0.05664968
0.05895734
0.05994034
0.06015587
0.06275678
0.06054473
0.06064582
0.06067872
0.06467748
0.06131673
0.06188083
0.06194258
0.06395411
0.05980015
0.06031251
0.06078196
0.06159949
0.06025028
0.06084132
0.05984187
0.06044364
0.06038117
0.06587958
0.06029844
0.05810857
0.05818439
0.05797839
0.06090522
0.06096148
0.05755663
0.05582500
0.05593371
0.05657697
0.05798626
0.06139398
0.05843067
0.05642629
0.05818748
0.06072569
0.05963159
0.05974245
0.06075478
0.06009316
0.06099534
0.06026483
0.06255746
0.06313872
0.06423092
0.08792496
0.06008244
0.06416631
0.06089115
0.06270957
0.06151891
0.06256247
0.06202102
0.05948234
0.06296897
0.06076479
0.06031346
0.05913305
0.05880213
0.06186676
0.06171894
0.05895662
0.05890393
0.05984974
0.05706596
0.06771588
0.05983973
0.05853534
0.05799270
0.06395912
0.07083344
0.06159425
0.06364059
0.06140876
0.06263447
0.06433725
0.06158996
0.06181002
0.06289649
0.06011176
0.05951142
0.05991173
0.06190968
0.06093931
0.05953360
0.06340957
0.06029296
0.06047750
0.06443453
0.06129980
0.05911517
0.05833912
0.06158614
0.05950046
0.05948472
0.05793023
0.05655766
0.05892110
0.06612587
0.05973959
0.05801368
0.05616641
0.05863023
0.05687976
0.05693150
0.05510640
0.05692577
0.05915093
0.05817771
0.05573320
0.05508423
0.05632114
0.05755258
0.05719829
0.05825758
0.05423522
0.05442142
0.05697513
0.05726433
0.05746412
0.05719352
0.05931187
0.05692482
0.05493975
0.05476737
0.07427049
0.06174445
0.06275058
0.06159019
0.06174326
0.06069851
0.05859280
0.05754900
0.05726886
0.05940962
0.05893612
0.05873156
0.05830908
0.05811334
0.05850744
0.05809617
0.05812073
0.05802369
0.06042004
0.06113529
0.06002092
0.06197095
0.06102633
0.06117177
0.05780530
0.05632687
0.05610776
0.05731034
0.05939960
0.05977297
0.06065464
0.06294394
0.05957675
0.05803800
0.05817199
0.05935168
0.06134772
0.06619978
0.06482697
0.05970025
0.06254578
0.06411266
0.06411171
0.06432343
0.05721045
0.05962563
0.05724525
0.05751371
0.05885696
0.05956960
0.05575418
0.05641723
0.05586696
0.05630636
0.05853128
0.06024575
0.05857205
0.05934572
0.05794668
0.05756378
0.06026292
0.06076312
0.05797601
0.06017637
0.05817842
0.05786395
0.05868912
0.05674434
0.05899644
0.05560184
0.05505252
0.05548215
0.05906773
0.05751228
0.05580688
0.05550528
0.05627584
0.05753422
0.05888748
0.05908132
0.06182337
0.06034732
0.05870700
0.05813670
0.06162167
0.06103230
0.05802321
0.05760860
0.05610633
0.06062269
0.05982208
0.05978656
0.06099081
0.05711102
0.05920267
0.06012058
0.06094933
0.06142521
0.06203294
0.05864811
0.06479096
0.06262636
0.05995417
0.06060362
0.06170440
0.05899596
0.05943441
0.05890894
0.06138062
0.06095529
0.05835629
0.05838037
0.05785513
0.05900478
0.06445980
0.06390119
0.06379461
0.06317401
0.06297755
0.06264687
0.06138706
0.06164026
0.06209874
0.05694032
0.05950332
0.05889297
0.05907989
0.06030822
0.06406093
0.05925608
0.05838037
0.05781388
0.05858755
0.06597090
0.05682468
0.05471563
0.05852938
0.06201458
0.06263399
0.06070447
0.06068635
0.05813789
0.05983257
0.06348443
0.06218982
0.05931115
0.06023908
0.05857015
0.05666375
0.06036830
0.06002831
0.05887747
0.05507708
0.05536580
0.05678511
0.05830145
0.06195092
0.06264830
0.05791116
0.05652809
0.05775452
0.05839872
0.05853224
0.05993009
0.06088352
0.05985355
0.06039476
0.05959868
0.06255841
0.06067801
0.05905294
0.06903172
0.06010580
0.05899668
0.06079793
0.06188440
0.05846882
0.05716276
0.05899262
0.06109333
0.06256104
0.06002069
0.06477261
0.06239748
0.06208134
0.06225348
0.06312990
0.06096482
0.06101465
0.05890179
0.06690907
0.05803800
0.05849266
0.05679202
0.05749893
0.05933309
0.06264281
0.05975461
0.06053019
0.06119561
0.05543780
0.05566525
0.07892323
0.06661367
0.05916858
0.06171942
0.06963801
0.05810452
0.07191467
0.06153440
0.06160307
0.06229377
0.05983686
0.05685949
0.05887008
0.06583238
0.06161976
0.06182790
0.05930090
0.05936337
0.06114531
0.06591916
0.06489873
0.05933428
0.05984735
0.05963492
0.06165457
0.06950283
0.06413913
0.05855775
0.05902648
0.06016445
0.06166506
0.06293201
0.06310368
0.06016135
0.06201553
0.07278991
0.05852079
0.06963015
0.06957936
0.05996156
0.05970860
0.06011271
0.06035089
0.06839943
0.05891800
0.05865836
0.06027937
0.06412387
0.06431818
0.06077361
0.05852509
0.06104112
0.06113935
0.06040621
0.06257844
0.06119442
0.05811882
0.09110951
0.06079149
0.06133533
0.06912136
0.06375599
0.07077765
0.06342196
0.06164885
0.06215858
0.05957866
0.06159449
0.06300330
0.05860186
0.06017470
0.06266880
0.05867386
0.05949473
0.05978703
0.05876541
0.06156373
0.06182742
0.05957961
0.05822682
0.05817509
0.06085753
