0.02537632
0.06439996
0.06253600
0.06262207
0.06457996
0.06363606
0.05808544
0.06014252
0.06118298
0.05983829
0.05808163
0.05965018
0.05789471
0.05847740
0.06096792
0.06020379
0.06292510
0.06415772
0.06118011
0.05944276
0.06065941
0.06016636
0.06503892
0.05945563
0.06016421
0.06308722
0.06139159
0.06362700
0.06461763
0.06323767
0.06892109
0.06451201
0.06710124
0.07104564
0.06038904
0.06391072
0.06634760
0.06312847
0.06162596
0.06262636
0.06756210
0.06404853
0.06341863
0.06265163
0.06250906
0.05974817
0.05813670
0.05947995
0.06270671
0.06183839
0.06242990
0.06533718
0.06366181
0.05833578
0.06257200
0.06429935
0.06450725
0.06448078
0.06263018
0.05923438
0.05842519
0.06346822
0.06140184
0.06363487
0.06576443
0.06461191
0.06638670
0.06598353
0.06555176
0.06644702
0.06192017
0.06397581
0.06066513
0.05988598
0.06165743
0.06309009
0.06499219
0.05983973
0.05847502
0.06100273
0.06297016
0.06551051
0.06358528
0.06055021
0.05771470
0.06437898
0.06819916
0.07550859
0.07336378
0.06550527
0.07319069
0.07474661
0.06422281
0.05920935
0.05888176
0.05974650
0.06115532
0.06304479
0.06250548
0.06139588
0.05887032
0.05892539
0.06090546
0.06144261
0.06191039
0.05998707
0.06309295
0.06117034
0.05896974
0.06056547
0.05893517
0.05902791
0.05965233
0.06024790
0.06346726
0.06016350
0.06604886
0.05975556
0.06108308
0.06047750
0.05857921
0.05986786
0.06044483
0.05973148
0.05987263
0.05941939
0.06150103
0.06143761
0.06136918
0.06119347
0.06297493
0.06037021
0.06049728
0.06643367
0.06444788
0.06312656
0.06242800
0.06452513
0.06471586
0.06211305
0.05618811
0.05760908
0.05766320
0.05968595
0.06168127
0.06118083
0.06379437
0.06357884
0.06382966
0.06403399
0.06412244
0.06490183
0.06312275
0.06220126
0.06273603
0.06227922
0.06430578
0.05958271
0.05860949
0.06650567
0.06178665
0.05856800
0.06058502
0.06283355
0.06003404
0.05968499
0.06385732
0.06228137
0.06350541
0.05978823
0.05833435
0.05877566
0.06453347
0.06379461
0.06329274
0.06256366
0.06803036
0.06078815
0.06154633
0.06348825
0.06629729
0.05930901
0.06373262
0.06812549
0.06403351
0.06414509
0.06342649
0.05998731
0.06867504
0.06383872
0.06446910
0.06421971
0.06971884
0.06403947
0.06262612
0.07017374
0.06612563
0.06668401
0.06415868
0.06306219
0.06250358
0.06910539
0.06487870
0.06872630
0.06560230
0.06475091
0.06357527
0.06584883
0.06402445
0.06185508
0.06155872
0.06169724
0.06275797
0.05995178
0.05977750
0.05686522
0.05804873
0.05744576
0.06196618
0.06338763
0.06478167
0.06443524
0.05947304
0.05828094
0.05831099
0.07459044
0.06446695
0.06308174
0.06483793
0.06231165
0.06206179
0.06298876
0.06332874
0.06639099
0.06312108
0.06260872
0.06336069
0.06355906
0.06309104
0.06426644
0.06607533
0.06471705
0.06334424
0.06256866
0.06403756
0.06171799
0.06138635
0.05971551
0.06448889
0.06352282
0.06659341
0.06018925
0.06395888
0.06294680
0.06167245
0.06086636
0.05962181
0.05921865
0.05888081
0.06035614
0.06397176
0.07388496
0.06482029
0.06507659
0.06216383
0.06332111
0.06140828
0.06160569
0.05755568
0.06015515
0.06227994
0.06050324
0.06106234
0.07198691
0.07157516
0.06817126
0.06114459
0.06060886
0.07017779
0.06495571
0.06439281
0.06260705
0.06346679
0.06408286
0.06346893
0.06387019
0.06406522
0.06566858
0.06161356
0.06426096
0.06398726
0.06188107
0.06118083
0.06149793
0.06190658
0.06113005
0.10141826
0.07699323
0.07200217
0.07410669
0.07458806
0.07227540
0.07381916
0.06624174
0.06301808
0.06589985
0.06353402
0.06298900
0.06629872
0.06410170
0.06229520
0.06018472
0.06094050
0.06352544
0.06071591
0.06228924
0.06464887
0.06328082
0.05847859
0.06193995
0.06079721
0.06042266
0.06575584
0.06564569
0.06366038
0.06534958
0.06327176
0.06095958
0.06042290
0.06012797
0.06052876
0.06229067
0.06343985
0.06800389
0.06530309
0.06496501
0.06271863
0.05799031
0.05840850
0.06388497
0.06435013
0.06412339
0.06620193
0.06571364
0.06566501
0.06465816
0.06438756
0.06169963
0.06188893
0.06432462
0.06173682
0.06152415
0.06244922
0.06432271
0.06387115
0.05887938
0.06257725
0.07094598
0.06050110
0.06115222
0.06183004
0.06630611
0.06658053
0.06626558
0.06228423
0.06104922
0.06212544
0.06197357
0.06231737
0.06051135
0.06347299
0.06022859
0.05979753
0.06058979
0.06131101
0.05919099
0.05888391
0.06143904
0.06182218
0.06238604
0.06247759
0.06360841
0.06143665
0.06248331
0.06262279
0.06063986
0.06204295
0.06725669
0.06205726
0.06405163
0.06301475
0.06208825
0.06281018
0.06109715
0.06304598
0.06252217
0.06172752
0.05894876
0.06130147
0.06079006
0.06163955
0.06202221
0.06096411
0.06115794
0.06368351
0.06007528
0.06579614
0.06529498
0.06466436
0.10728693
0.07371616
0.07189560
0.07486939
0.07332778
0.07323122
0.09168649
0.07612896
0.07407022
0.07458472
0.07490516
0.07515049
0.07260418
0.06408715
0.06313634
0.06486440
0.06451178
0.06467199
0.06227922
0.06461906
0.06436801
0.06397653
0.06336164
0.06174660
0.06040931
0.06161523
0.06339049
0.06202912
0.06014895
0.06313300
0.06236720
0.06568861
0.06553316
0.06633925
0.06352687
0.06069422
0.06628656
0.06262493
0.06003475
0.05854130
0.06060314
0.06017566
0.06124401
0.06089115
0.06413102
0.05847192
0.06312966
0.06367373
0.06640291
0.06536174
0.06747341
0.06652498
0.06332469
0.06439686
0.06427479
0.06496525
0.06474280
0.06423354
0.06360340
0.06463194
0.06404400
0.06544709
0.06457090
0.06617332
0.06477857
0.06409097
0.06945777
0.06323481
0.06463528
0.06381559
0.06355047
0.06405854
0.06354737
0.06492281
0.06634283
0.06171679
0.06475568
0.06489873
0.06395149
0.06397200
0.06134486
0.06255770
0.06124449
0.06211019
0.06587720
0.06255436
0.05937219
0.06165266
0.06219339
0.06141639
0.05948591
0.05831838
0.05867195
0.06505203
0.06334543
0.06486583
0.06544709
0.06381226
0.06456923
0.06670594
0.06583619
0.06562471
0.06411123
0.06327128
0.06475282
0.06561065
0.06441665
0.06272793
0.06006479
0.06017375
0.06053567
0.06393504
0.06404662
0.06239152
0.06345463
0.06286335
0.06106973
0.06194997
0.06265020
0.06352091
0.06188035
0.06244445
0.06314039
0.06127715
0.06180477
0.06304121
0.05950332
0.06298137
0.06368637
0.06397891
0.06387115
0.06068039
0.05871224
0.06404829
0.06163335
0.06684494
0.06377792
0.06531024
0.06434178
0.06593204
0.09581280
0.08049846
0.09317994
0.06475902
0.06568813
0.06537747
0.06371641
0.06456995
0.06325793
0.05990720
0.06232691
0.06377816
0.06661010
0.06431389
0.06354189
0.06382847
0.06364083
0.06441689
0.06458282
0.06264734
0.06329060
0.06491590
0.06357312
0.06392717
0.06921911
0.06326580
0.06460667
0.06400752
0.06459808
0.06377816
0.06335568
0.06286860
0.06096983
0.06415319
0.06616044
0.06467295
0.06548834
0.06547999
0.06435299
0.06549954
0.06529856
0.06548977
0.06317210
0.06255555
0.06460190
0.06514168
0.06548762
0.06293464
0.06179762
0.06236935
0.06384778
0.06382489
0.06218314
0.05671692
0.05710077
0.06072688
0.05890942
0.06470513
0.06335092
0.06333828
0.06258821
0.06208658
0.06235576
0.09585238
0.10788703
0.07455397
0.07572579
0.07770824
0.07562566
0.06070256
0.05922413
0.06117582
0.06127620
0.06212187
0.06389642
0.06130028
0.06083918
0.06061053
0.06244731
0.06256509
0.06470394
0.06157041
0.06308842
0.06159854
0.06211877
0.06457448
0.06426382
0.06348467
0.06132007
0.05979824
0.05939507
0.06189108
0.06036139
0.06026626
0.06014299
0.05918384
0.06199861
0.06297255
0.06114221
0.06148481
0.06053591
0.05998874
0.06154013
0.06210256
0.06150198
0.06390738
0.06247687
0.06202579
0.06223464
0.06224298
0.06739521
0.05982637
0.06073952
0.06311226
0.06205654
0.06312704
0.06025696
0.05936885
0.05903435
0.06037641
0.05990934
0.06213403
0.06034255
0.06201124
0.06141782
0.05969667
0.06215215
0.06350684
0.06171584
0.05963635
0.06194615
0.06265545
0.05982900
0.06053734
0.05862927
0.06029487
0.05839944
0.05767751
0.05896425
0.05967188
0.06280327
0.05939031
0.05845165
0.05728197
0.06194663
0.06044817
0.05872178
0.05954957
0.05845165
0.06321144
0.06172323
0.06360912
0.06265116
0.06408477
0.06453514
0.06324744
0.05957294
0.06110740
0.06300139
0.05881834
0.05910802
0.05930066
0.06319070
0.06386161
0.06483078
0.05923152
0.05871463
0.05901861
0.06230521
0.06208730
0.05893445
0.06343317
0.06676483
0.06573296
0.06450272
0.06333327
0.06193423
0.06253028
0.06246734
0.06037998
0.06028652
0.06151104
0.06459999
0.06314111
0.06284761
0.06412625
0.06447363
0.05908942
0.05994081
0.06008339
0.06340718
0.06339836
0.06479335
0.06624508
0.06533813
0.06525755
0.06519628
0.06526780
0.06628871
0.06408358
0.06445742
0.06038189
0.05997419
0.06263494
0.06200719
0.06167245
0.06145000
0.06125307
0.06036377
0.06323481
0.06301522
0.06177425
0.06396890
0.06391859
0.06023026
0.06152225
0.05891466
0.06184340
0.05974174
0.06306696
0.06308556
0.06361341
0.06319523
0.06088376
0.06192708
0.06147122
0.06505966
0.06331468
0.06063247
0.05882311
0.06014824
0.05918288
0.06324935
0.06200933
0.06282830
0.06345367
0.06310368
0.06221890
0.06019211
0.05984259
0.05841851
0.05838943
0.06514716
0.06523466
0.06396008
0.05994391
0.05806518
0.05915260
0.05997562
0.06074905
0.06602001
0.05970979
0.05874085
0.06046677
0.05985475
0.06028318
0.06212664
0.05923915
0.06035757
0.06173801
0.06095982
0.06272817
0.06186056
0.06140351
0.05908012
0.06001568
0.06297469
0.06269169
0.06029820
0.06118870
0.05989814
0.06028175
0.05890989
0.06304002
0.06259251
0.06162953
0.06080508
0.06078219
0.06135130
0.06395483
0.06076312
0.06126237
0.05997801
0.06002688
0.06651521
0.06588960
0.06436706
0.06600475
0.05956435
0.06182218
0.06244659
0.06408119
0.09468412
0.07445240
0.07500434
0.07609940
0.07572293
0.06737852
0.06380987
0.06349993
0.06362438
0.06406593
0.06231236
0.06239033
0.06327295
0.06239343
0.06319451
0.06277704
0.06087565
0.06136179
0.06239128
0.06327081
0.06338549
0.05864215
0.06081843
0.06216073
0.06257939
0.06062937
0.06019020
0.06269741
0.06422925
0.06787729
0.06474113
0.06040788
0.05858827
0.05873609
0.10880780
0.07476830
0.07718611
0.07308912
0.07504272
0.08026171
0.07298827
0.05743551
0.05914235
0.06220818
0.06103897
0.06411743
0.06337118
0.06287861
0.06327224
0.06163549
0.06078649
0.06149602
0.05958724
0.06351042
0.06116748
0.06099796
0.06409931
0.06492758
0.06345510
0.06124806
0.05962491
0.06086421
0.06990147
0.06047916
0.05817461
0.06029892
0.06196022
0.06037498
0.06240010
0.06036091
0.06393385
0.05906677
0.06273055
0.06050444
0.06148362
0.06157923
0.06035185
0.06044817
0.06219530
0.06196523
0.06311560
0.06131601
0.06062198
0.06259394
0.06298780
0.06096601
0.06264997
0.06316090
0.06261635
0.05918026
0.05977511
0.06422973
0.06485343
0.06565142
0.05955505
0.06180596
0.06322050
0.06175113
0.06058788
0.06126046
0.05967975
0.05950427
0.06056952
0.06102705
0.06074047
0.06399536
0.06008053
0.05902171
0.05990958
0.06334448
0.06313777
0.06097078
0.05931664
0.06215787
0.06130481
0.06964064
0.06861615
0.06227255
0.05964923
0.05857205
0.06185508
0.06242681
0.06349421
0.06066704
0.06033015
0.06119108
0.06201887
0.06379104
0.06379986
0.06205297
0.05932879
0.06090879
0.06328535
0.06286120
0.06328082
0.06040192
0.06007576
0.06283021
0.06332636
0.06796479
0.06111932
0.05969477
0.06308079
0.06385827
0.06630826
0.06569099
0.06392717
0.05910492
0.05960917
0.05907130
0.06311536
0.06410766
0.06686115
0.06483269
0.06281638
0.06440115
0.06415486
0.06393266
0.06629515
0.08442926
0.08880162
0.07770252
0.07773089
0.07477307
0.07675505
0.07534504
0.07768202
0.06223202
0.06082511
0.09630370
0.06406236
0.06519771
0.06211567
0.06147361
0.05997682
0.06346869
0.06549907
0.06690526
0.06649113
0.06207681
0.06890392
0.05974054
0.06249738
0.06274533
0.06679344
0.07261086
0.06765866
0.06379199
0.06453133
0.06725144
0.07027507
0.06695485
0.06796241
0.07650542
0.06659913
0.06521082
0.06483507
0.06569982
0.06563997
0.06611919
0.06878996
0.06606460
0.06419373
0.06437302
0.06661153
0.06396317
0.06445122
0.06361222
0.06375527
0.06222630
0.06553340
0.06499863
0.06526208
0.06527996
0.06779933
0.06657815
0.06687641
0.06889510
0.06341648
0.06376219
0.06538916
0.06548905
0.06992865
0.06439257
0.06254268
0.06244445
0.06444979
0.06689358
0.06472349
0.06368995
0.06292152
0.06434369
0.06328940
0.06345129
0.06280994
0.06178141
0.06006050
0.06396627
0.06318593
0.06151342
0.06113195
0.06230402
0.06077337
0.06172180
0.06258130
0.06379771
0.06096768
0.06310582
0.06169319
0.06204700
0.06149101
0.06130052
0.06261778
0.06296182
0.06356454
0.06582022
0.06451464
0.06297827
0.05862880
0.06095600
0.06129766
0.06095552
0.06332564
0.06354690
0.06154561
0.06194735
0.06214738
0.05986810
0.06331372
0.06276226
0.06160235
0.06264949
0.06294608
0.05978966
0.05989456
0.06162977
0.06167150
0.06242895
0.06215405
0.06333613
0.06276846
0.06036282
0.05867362
0.05873609
0.05983210
0.06381035
0.06448221
0.06171966
0.06093812
0.09415269
0.07554722
0.09553361
0.07639384
0.06382132
0.06257820
0.06340313
0.06486249
0.06522822
0.06239080
0.06344104
0.06490445
0.06517315
0.06627440
0.06468916
0.06572986
0.06507206
0.06318164
0.07180357
0.06479239
0.06551862
0.06544566
0.06615448
0.06480694
0.06551552
0.09959054
0.07625008
0.07562947
0.07705426
0.07711887
0.07717085
0.07406497
0.06403542
0.06583858
0.06775928
0.06616354
0.06595731
0.06617570
0.06408000
0.06453156
0.06440496
0.06606627
0.06411695
0.06559849
0.06629610
0.06583738
0.06569600
0.06351805
0.06389880
0.06280422
0.06422973
0.06485796
0.06417084
0.06461239
0.06274986
0.06687665
0.06350374
0.06470037
0.06682777
0.06533885
0.06563354
0.12590241
0.08688974
0.07929468
0.11431384
0.07575345
0.07419825
0.06555939
0.06339908
0.06486058
0.06493688
0.06549072
0.06563187
0.06403637
0.06486654
0.06606317
0.06634688
0.06595564
0.06643677
0.06697488
0.06538320
0.06609535
0.06551933
0.06696677
0.06767631
0.06640553
0.06360316
0.06468248
0.06788278
0.06528258
0.06526780
0.06582308
0.06632376
0.06529737
0.06700110
0.06498361
0.06368780
0.06661606
0.06543970
0.06442690
0.07154632
0.06642795
0.06563783
0.06578422
0.06587863
0.06540489
0.06555343
0.10182905
0.07711339
0.07930064
0.07886291
0.07717943
0.07662582
0.07641602
0.06675291
0.08113003
0.08018875
0.06498790
0.06467366
0.06302238
0.06313753
0.06267071
0.06274104
0.06412840
0.06464124
0.06482697
0.06656480
0.06404686
0.06454277
0.06477690
0.06537700
0.06554770
0.06251049
0.06231427
0.06390476
0.06333828
0.06565857
0.06573033
0.06439447
0.06342030
0.06281161
0.06430221
0.06394815
0.06328678
0.06313872
0.06576991
0.06127834
0.06074500
0.05954146
0.06200314
0.06266737
0.06282806
0.06173396
0.06161618
0.06740713
0.06464219
0.06465650
0.06504440
0.06322670
0.12020063
0.07931972
0.07511187
0.07697129
0.08052731
0.07822585
0.07361841
0.06688261
0.06451774
0.06242132
0.10212636
0.07442832
0.07501101
0.07485294
0.07511759
0.07638526
0.06825352
0.05871892
0.05858302
0.06283522
0.06373048
0.06466246
0.06492186
0.06557655
0.06671834
0.06347394
0.06359792
0.06822562
0.06464267
0.06809640
0.06241488
0.06487513
0.06640124
0.06424356
0.06152534
0.06764722
0.06738496
0.06600428
0.06827521
0.06183100
0.06160903
0.06290364
0.06264162
0.06452894
0.06666374
0.06700516
0.06564474
0.06902075
0.06898499
0.06634450
0.06729531
0.06598759
0.06242299
0.06377792
0.06734872
0.06678391
0.06683993
0.06276751
0.06491780
0.06595349
0.06391001
0.06618190
0.06764650
0.06711411
0.06765366
0.06933713
0.06794524
0.06708717
0.06746149
0.06656051
0.06867671
0.06471968
0.06236649
0.06324434
0.06689668
0.06494069
0.07007718
0.06637335
0.06591558
0.07200599
0.06545115
0.06741619
0.07394505
0.06989050
0.06572270
0.06303525
0.06302929
0.06666136
0.06527209
0.06777716
0.07063842
0.06630588
0.06471157
0.06343579
0.10406995
0.08072782
0.08030200
0.08077407
0.08133245
0.08138251
0.06513786
0.06640077
0.06523132
0.06548548
0.09908295
0.09933138
0.09119773
0.09137249
0.07585168
0.07938743
0.07692623
0.11618876
0.08100033
0.07851028
0.07914782
0.09032679
0.08404922
0.07156777
0.06888127
0.06323099
0.06417823
0.06595659
0.07012725
0.08260083
0.07634258
0.07997465
0.08239532
0.07906485
0.07798195
0.07738709
0.06837988
0.06777430
0.06744361
0.06778216
0.07251549
0.06566358
0.06566525
0.07520652
0.07944155
0.06521893
0.06881738
0.06837225
0.06683946
0.06758237
0.10409403
0.07944012
0.07807946
0.08164454
0.07793045
0.07977009
0.08127785
0.07831931
0.07704091
0.07107615
0.06538558
0.06815195
0.06399751
0.06752253
0.06919241
0.06857562
0.06510758
0.06647301
0.06637907
0.06448531
0.06463790
0.06084919
0.05920148
0.05913162
0.06170273
0.06549621
0.06636071
0.06323028
0.06209826
0.06080317
0.06468844
0.06594396
0.06472683
0.06534600
0.06499696
0.06575036
0.06608343
0.06693459
0.06717038
0.06911016
0.06535101
0.06339836
0.06829166
0.06723571
0.06772542
0.06350446
0.06225538
0.06837487
0.07377243
0.06355238
0.06556988
0.07130671
0.06914210
0.06649685
0.06878710
0.06792188
0.07095957
0.07564473
0.06845498
0.06964731
0.06672835
0.06685853
0.06426835
0.06518865
0.06525397
0.06514454
0.06530237
0.06062341
0.06050754
0.06025600
0.06108642
0.06240392
0.06035995
0.06171608
0.06200933
0.06122828
0.06223345
0.06634569
0.06186557
0.06142592
0.05885649
0.06146216
0.06182837
0.06061530
0.06175590
0.06355691
0.06369781
0.06106973
0.06346893
0.06122971
0.05935287
0.05913186
0.06314421
0.06147170
0.06568384
0.06472731
0.06306410
0.06223130
0.06222272
0.06192183
0.06221056
0.06047797
0.06072187
0.06228328
0.06234765
0.06228900
0.06316137
0.06024742
0.06843758
0.06374454
0.06584191
0.06652927
0.06629181
0.06118107
0.06171656
0.06406951
0.06159973
0.06238222
0.06701016
0.06227970
0.06346250
0.06358194
0.06099582
0.06314373
0.06198573
0.06212831
0.06067133
0.06213737
0.06373811
0.06634736
0.06090546
0.06168556
0.06147790
0.06178784
0.06224298
0.06341767
0.06170964
0.06260133
0.06230927
0.06221318
0.06527615
0.06668997
0.06273508
0.06191421
0.06069922
0.06181479
0.06496859
0.06266093
0.06105375
0.06424284
0.06326413
0.06374526
0.06806636
0.06892061
0.06562304
0.06375575
0.06729507
0.10840178
0.07631803
0.07740021
0.07794309
0.07801199
0.08159089
0.07340384
0.06407404
0.06599474
0.06445217
0.06670189
0.06579900
0.06348109
0.06113648
0.06059122
0.06322813
0.06450510
0.06285071
0.06570125
0.06576252
0.07224607
0.06799769
0.06567955
0.06476879
0.08010769
0.06752372
0.06656289
0.06643724
0.06955171
0.06269526
0.06333470
0.06672239
0.06795788
0.06737375
0.06648779
0.06552267
0.06560898
0.06656194
0.06702876
0.06589913
0.06235623
0.06363463
0.06430101
0.06557965
0.06750846
0.06784201
0.06893229
0.06475186
0.06346631
0.06603122
0.10086656
0.07593751
0.07836151
0.07979703
0.08018231
0.07802248
0.07662892
0.06453371
0.06402349
0.06779289
0.06651521
0.06431341
0.06305671
0.06480217
0.06834316
0.06469274
0.06521654
0.06546044
0.06512666
0.06116557
0.06107783
0.06691360
0.06416893
0.06239223
0.06427979
0.06303477
0.06344628
0.06760240
0.06290388
0.06416774
0.06505013
0.06189680
0.06113243
0.06333971
0.06307459
0.06410456
0.06526423
0.06486940
0.09301209
0.06828141
0.06738806
0.06686139
0.06722736
0.06672907
0.06542110
0.06120586
0.05985856
0.06334329
0.06065083
0.06136036
0.06054187
0.06398273
0.06029963
0.06100059
0.06430912
0.06549907
0.06281018
0.06062579
0.06227517
0.06695962
0.06209683
0.06306100
0.06281710
0.06488156
0.06660557
0.06436968
0.06281042
0.06744742
0.06703877
0.06664252
0.06105351
0.06573629
0.09274054
0.06310272
0.06530309
0.06514263
0.06283236
0.06106234
0.06599402
0.06531644
0.06508446
0.06742191
0.07001805
0.06932664
0.06757855
0.06786847
0.07481861
0.06660366
0.06642175
0.06443024
0.06828499
0.06413960
0.05981803
0.06276894
0.07383442
0.06739283
0.07009339
0.06285024
0.06112504
0.06500959
0.11090779
0.07726288
0.07887602
0.08004785
0.08210468
0.07782626
0.07833242
0.06705713
0.06682849
0.06691122
0.06603956
0.06573439
0.06648135
0.06690311
0.11914659
0.07943201
0.07822776
0.08062291
0.07902002
0.07830024
0.07489991
0.06460428
0.06298733
0.10993767
0.07713413
0.07680821
0.07833099
0.07518935
0.07556534
0.06749701
0.07033896
0.06424952
0.06443286
0.08764362
0.06485081
0.07086682
0.06461763
0.06316257
0.07330585
0.06171107
0.06041002
0.06131387
0.06537127
0.06586576
0.06412721
0.09208989
0.08111262
0.07472610
0.07423067
0.08776903
0.07608533
0.07425261
0.06412220
0.06393480
0.11335993
0.07858586
0.07809281
0.07959104
0.08130503
0.06936502
0.06948543
0.06473804
0.06598997
0.06582046
0.06803060
0.06514883
0.06601357
0.06636739
0.06377983
0.06454849
0.06590581
0.06570578
0.06374550
0.06311631
0.05983257
0.06004858
0.06289124
0.06107497
0.06021905
0.06195903
0.06111550
0.06222606
0.06212735
0.06262183
0.06208539
0.06394172
0.06405282
0.06173635
0.06514764
0.06628537
0.06418324
0.06405616
0.06165028
0.06328917
0.06320643
0.06364226
0.06440496
0.05988050
0.06111407
0.06341314
0.06590009
0.06257343
0.06145573
0.07583332
0.06641483
0.06187415
0.06554556
0.07480168
0.06355476
0.06283927
0.06617570
0.06934738
0.06023097
0.06069994
0.06431246
0.06876707
0.07344770
0.06840515
0.07438684
0.06491971
0.06502986
0.06715226
0.06614017
0.06383324
0.06197739
0.06497359
0.06388712
0.06524181
0.06555247
0.05869460
0.05814672
0.06068397
0.06039834
0.06006241
0.05956864
0.06177950
0.05923367
0.05839086
0.06102967
0.06058598
0.06420398
0.06677485
0.06089139
0.05904293
0.06264472
0.06309700
0.07145000
0.06180644
0.06306410
0.06244755
0.06478238
0.06563091
0.06597829
0.06174207
0.06791353
0.07349443
0.06588030
0.06783795
0.06639004
0.06829381
0.06619048
0.06620336
0.06560993
0.06923366
0.06556010
0.06333351
0.06074667
0.06432056
0.06550431
0.06416273
0.06652069
0.06604815
0.06399131
0.06708956
0.06521845
0.06543684
0.06151485
0.06283998
0.06314182
0.06805611
0.06458712
0.06138206
0.06105924
0.06184411
0.06796217
0.06518459
0.06264520
0.06459808
0.06229901
0.06226349
0.06296611
0.06280446
0.06992245
0.06536031
0.06494474
0.06961703
0.06653333
0.08574796
0.07501030
0.06560445
0.06372595
0.06560135
0.06348586
0.06050229
0.05913115
0.05906868
0.05830693
0.06018424
0.06169558
0.06196141
0.06073713
0.06327319
0.06090045
0.06143141
0.06305337
0.06041980
0.06156993
0.06417418
0.06405520
0.06209064
0.06245661
0.07862949
0.06534624
0.06537366
0.06409264
0.06820583
0.07175398
0.06214905
0.06072688
0.06649256
0.06778550
0.06838512
0.06801081
0.06287074
0.06311274
0.06459737
0.06636858
0.06972384
0.06478071
0.05968595
0.06308436
0.06391668
0.06191587
0.06985688
0.06907988
0.06664968
0.07759666
0.06770992
0.06794214
0.06688118
0.06528068
0.06627297
0.06544471
0.06441092
0.06279969
0.06005239
0.06622934
0.06596732
0.06147051
0.06416464
0.06624103
0.06527901
0.06468606
0.06607246
0.06624126
0.06690001
0.06870580
0.06326842
0.06275988
0.06686115
0.06483507
0.07096577
0.06858134
0.06869864
0.07399750
0.10895157
0.08099389
0.08841801
0.07634306
0.07839537
0.08669233
0.06925130
0.06227231
0.06695938
0.06569648
0.06830764
0.07014132
0.06335568
0.06418324
0.06678915
0.06805491
0.07069421
0.06661201
0.06499028
0.06772900
0.06758642
0.06879163
0.07066250
0.06577516
0.06506467
0.06456876
0.06398439
0.06429458
0.06360984
0.06298518
0.06202984
0.05952501
0.06015396
0.06527734
0.05930185
0.05786419
0.05897069
0.05978465
0.06387782
0.06370258
0.06112480
0.06200385
0.06103945
0.06088805
0.06476259
0.06566334
0.06220150
0.06460834
0.06420207
0.06361437
0.06836724
0.06727314
0.06765294
0.06705475
0.06464076
0.06519604
0.06658626
0.10428596
0.07638240
0.07723880
0.07886910
0.08105898
0.07917547
0.07934332
0.07203364
0.06752920
0.06729317
0.06746960
0.11304140
0.07648349
0.07681847
0.08434725
0.08775282
0.07933950
0.08012605
0.06728125
0.06672478
0.06169152
0.06584954
0.06240821
0.06955481
0.06366229
0.06057382
0.06386542
0.06128931
0.06487346
0.06450653
0.06636071
0.06601238
0.06225896
0.06042814
0.06160378
0.06100392
0.10469961
0.07617950
0.07534170
0.07576919
0.07689309
0.08278751
0.06800103
0.06530809
0.08504200
0.06656885
0.06578517
0.06387448
0.06525517
0.06384134
0.06245542
0.06199956
0.06542754
0.06597948
0.06181765
0.06602955
0.07340193
0.06505919
0.06127453
0.06035304
0.06616545
0.06088090
0.06582570
0.06788564
0.06804848
0.06800389
0.06822038
0.06587553
0.06726718
0.06604052
0.06639957
0.06707191
0.06606054
0.06459188
0.06361055
0.06555510
0.07037115
0.06348062
0.06098366
0.06415105
0.06956339
0.06277537
0.06912851
0.06715322
0.06494951
0.06594658
0.06307435
0.06511736
0.06781387
0.06590176
0.06699657
0.06578779
0.06631684
0.06505466
0.06439424
0.06426907
0.09968042
0.07396770
0.07787848
0.07729506
0.07510781
0.07502937
0.07400298
0.10238099
0.08255005
0.07500553
0.07494330
0.07600284
0.07519245
0.07840633
0.11286998
0.07836914
0.07625604
0.07893157
0.07826352
0.07912326
0.07864761
0.07767701
0.06225824
0.06003046
0.05849004
0.05896163
0.05654335
0.05958056
0.06252146
0.06066966
0.05928397
0.05964589
0.05831361
0.06325936
0.06090689
0.06223750
0.06348419
0.06109333
0.06286502
0.05850863
0.05915356
0.06083322
0.06173491
0.05909014
0.05767274
0.05700326
0.05774713
0.06180811
0.06296825
0.06344318
0.06417871
0.06236243
0.06172132
0.06342721
0.06447864
0.06456757
0.06260705
0.06622338
0.06758976
0.06363750
0.06517243
0.06714869
0.07738256
0.06542706
0.06218314
0.06302738
0.09414744
0.06669259
0.07539225
0.06341887
0.06469059
0.06541777
0.06887150
0.10648656
0.07850504
0.07858276
0.08126950
0.07925153
0.08062744
0.07822108
0.06671023
0.06569266
0.06078601
0.06297565
0.06679177
0.07308221
0.06962848
0.06497073
0.06385660
0.06505299
0.06239796
0.07235765
0.06412411
0.06539226
0.07264376
0.06639218
0.06417656
0.06610680
0.06594110
0.06605172
0.06388235
0.06450224
0.06035542
0.07026911
0.06174350
0.05832529
0.07297969
0.05930686
0.06573892
0.06068277
0.05900931
0.05862260
0.06332517
0.06666923
0.08063054
0.07934046
0.07861304
0.07680798
0.07100868
0.06486106
0.06376266
0.06474161
0.06533647
0.06146550
0.06118751
0.06160355
0.06837106
0.06378126
0.06122351
0.06544733
0.06258869
0.06086373
0.06133938
0.06206942
0.06763029
0.06466842
0.06403375
0.06295538
0.06142569
0.06173182
0.06589818
0.06557703
0.06838369
0.06559014
0.06622076
0.06307340
0.06526852
0.06449652
0.06370854
0.06410503
0.06390619
0.06546116
0.06394148
0.06605387
0.06434155
0.06703353
0.06165957
0.06117153
0.06361961
0.06715965
0.06566477
0.06122494
0.06334972
0.06481838
0.06525016
0.06256723
0.06456518
0.05905938
0.07286549
0.06875134
0.06474996
0.06453395
0.06259656
0.06541514
0.06468058
0.06350732
0.06331158
0.06232858
0.06425095
0.06115818
0.06425595
0.06299067
0.06207323
0.06394649
0.06366611
0.06113601
0.06229591
0.06268430
0.06155276
0.06601214
0.06375837
0.06363368
0.06112504
0.06182957
0.06706882
0.06745625
0.06453776
0.06426454
0.05883741
0.06416059
0.06506610
0.06199121
0.06268334
0.06676126
0.06430793
0.06365085
0.07114625
0.06369138
0.06163120
0.06307936
0.06383753
0.06135917
0.06199408
0.06117916
0.05951166
0.06312466
0.06459880
0.06365347
0.06316185
0.06138420
0.06189871
0.06555533
0.06295133
0.06635642
0.06705523
0.06406236
0.06376433
0.06290007
0.06357551
0.06793380
0.06967020
0.06334686
0.06273746
0.06354165
0.06518769
0.06499267
0.06001472
0.06149983
0.06251001
0.05902243
0.06240439
0.06411076
0.06066704
0.05934811
0.06375384
0.06385183
0.06467056
0.07166719
0.06350446
0.06311035
0.06387401
0.06336927
0.06884766
0.06354785
0.06531119
0.06776810
0.06286192
0.06677151
0.09234786
0.06904984
0.06527519
0.07311606
0.06587410
0.06661558
0.07154250
0.06502843
0.06796288
0.06513643
0.07251644
0.06599975
0.06425285
0.06002736
0.06052566
0.06193900
0.06361699
0.06528091
0.05881810
0.06044865
0.06202960
0.06181836
0.06254005
0.06371546
0.05979013
0.05850172
0.06271315
0.06447029
0.06444526
0.06467652
0.06429911
0.05878568
0.05845904
0.06338000
0.06522560
0.06259799
0.06016064
0.06112742
0.06042147
0.06663704
0.06604862
0.06573033
0.06082106
0.06159878
0.06305671
0.06329226
0.06691670
0.06436682
0.05844545
0.05863547
0.06410027
0.06496072
0.06420946
0.05998254
0.05968332
0.06014276
0.06089711
0.06195521
0.06186724
0.05892515
0.05837989
0.06139350
0.06453276
0.06388164
0.06577039
0.06207466
0.05943203
0.05908942
0.05917048
0.06400442
0.06593347
0.06455827
0.06247425
0.06622410
0.06394696
0.06425667
0.06370687
0.06159830
0.06122661
0.06163716
0.06554961
0.06465888
0.06545424
0.06213117
0.06018949
0.06057477
0.06902957
0.06552768
0.06793332
0.06572485
0.06563926
0.06517291
0.06430006
0.06665373
0.06178236
0.06117249
0.06361771
0.06263375
0.06685567
0.06802607
0.06447840
0.06358886
0.06502485
0.06622362
0.07260156
0.06314206
0.05889773
0.06027460
0.06386805
0.06470490
0.06435156
0.06258917
0.06420255
0.06401634
0.06692028
0.06828499
0.06284022
0.06033754
0.06130409
0.06514859
0.06400394
0.06123400
0.06229424
0.05943131
0.06025958
0.06477928
0.06574345
0.06690812
0.06586289
0.06101704
0.06187725
0.06142044
0.06682444
0.06482291
0.06175876
0.06287003
0.06148791
0.06099534
0.06114388
0.06274819
0.06227994
0.06167912
0.06289935
0.06275225
0.06263542
0.06378293
0.06240916
0.06374383
0.06135702
0.06125259
0.06740689
0.06558108
0.06358886
0.06715536
0.06501007
0.06307626
0.06552887
0.06207871
0.06005311
0.05967593
0.06240058
0.06357336
0.06534076
0.06311893
0.06042504
0.05990744
0.06297970
0.06541562
0.06486869
0.06624413
0.06492615
0.06181526
0.06198120
0.06367564
0.09369683
0.06520844
0.06323338
0.06628537
0.06719661
0.07663250
0.06511545
0.05909133
0.06313086
0.06515741
0.06459665
0.06533360
0.06339478
0.06214857
0.06401587
0.06784439
0.06996393
0.06755710
0.06092358
0.06589842
0.06074548
0.06433654
0.06788492
0.07020712
0.06864834
0.06858110
0.06891227
0.06912017
0.06460404
0.06768012
0.06365585
0.06058168
0.06055403
0.06334448
0.06421280
0.06169915
0.06231451
0.05999494
0.06114006
0.06411576
0.06398201
0.06150484
0.06077480
0.06681967
0.06494856
0.06284547
0.06863880
0.06593680
0.06571364
0.06457639
0.06576705
0.06795597
0.09508705
0.06510234
0.06842256
0.06862211
0.06853652
0.06694174
0.06640196
0.06812716
0.06747556
0.06898355
0.06930566
0.08252144
0.07937598
0.07652736
0.08893204
0.07809711
0.06749177
0.06645393
0.06784749
0.06851792
0.06801391
0.06821585
0.06753349
0.06473541
0.06178617
0.07324815
0.07003260
0.07051873
0.06279874
0.06751633
0.06489635
0.06374836
0.06782508
0.06873202
0.06522822
0.07662773
0.06775331
0.06782866
0.06716800
0.06528115
0.06677580
0.06640840
0.06633639
0.06469250
0.06456709
0.06473398
0.06207705
0.06030822
0.06023574
0.06185675
0.06047344
0.06192613
0.06710672
0.07066154
0.06812739
0.06535006
0.05933619
0.05951667
0.06302834
0.06210399
0.06404424
0.06588149
0.06652093
0.06760406
0.06797028
0.11221194
0.07816291
0.07961249
0.07880044
0.07805538
0.08051586
0.06995821
0.06484294
0.06353807
0.06265235
0.06303525
0.10957074
0.07589626
0.07713413
0.08033848
0.08036065
0.07687354
0.07702279
0.06813431
0.11263728
0.11181188
0.07973576
0.07925224
0.07988501
0.07725883
0.07613850
0.08093810
0.06984043
0.11485100
0.08067989
0.08247328
0.08197618
0.08164716
0.08235717
0.07814527
0.06678534
0.06721020
0.06862664
0.06881928
0.06561565
0.06855202
0.06738019
0.06710339
0.06770015
0.06902099
0.06577802
0.06413937
0.06842446
0.06809282
0.06978893
0.07391763
0.06956649
0.06723809
0.06451607
0.06698728
0.06825686
0.06747961
0.07264853
0.06646681
0.06473613
0.07287169
0.07178974
0.06824946
0.06727338
0.07076764
0.06982136
0.06909680
0.06892037
0.06530166
0.06521440
0.06845474
0.06926346
0.06937981
0.06925988
0.06734729
0.06592631
0.06777525
0.07564688
0.06754780
0.06948662
0.07042885
0.06818008
0.06680059
0.06470823
0.06464982
0.06994772
0.06519008
0.06862688
0.07127500
0.07027197
0.06789160
0.06491184
0.06649137
0.06858349
0.07891893
0.06913424
0.07327366
0.06577492
0.07551360
0.06671739
0.07064199
0.06640840
0.06097841
0.06644273
0.06533074
0.06389928
0.06288505
0.06601715
0.06457043
0.06491303
0.07155800
0.06604505
0.06617236
0.06326246
0.06464934
0.08353186
0.07954001
0.09554482
0.06749535
0.06561995
0.06484461
0.06703639
0.06769490
0.06915474
0.06435132
0.07814670
0.06784773
0.06954408
0.06684637
0.06378293
0.07220721
0.06935167
0.06642795
0.06710815
0.06850815
0.06749558
0.06558943
0.07163072
0.06646419
0.06829834
0.06692624
0.08605552
0.07955337
0.07054710
0.06786203
0.06768250
0.07014275
0.07065654
0.06809092
0.06719446
0.06896305
0.06915092
0.06818104
0.06298685
0.06158996
0.06758928
0.06498837
0.07574391
0.06819034
0.06634045
0.06868744
0.06371474
0.06548905
0.06801486
0.06352806
0.06767082
0.06606865
0.06829786
0.06613350
0.06631255
0.06455541
0.06268191
0.06204796
0.06406164
0.06709790
0.06480074
0.06477857
0.06511307
0.06174374
0.06420112
0.06433463
0.06211519
0.05889726
0.06099987
0.06295180
0.06840539
0.07123423
0.06644464
0.06413698
0.06578493
0.06932425
0.07068992
0.06834936
0.06934381
0.06892180
0.06764340
0.06821084
0.10245204
0.08127904
0.07876062
0.07941675
0.08072162
0.07982326
0.07583427
0.06419611
0.06416011
0.06836510
0.06797361
0.06827950
0.07102799
0.07141852
0.07426691
0.06971836
0.07214308
0.06886172
0.06822419
0.06570673
0.06818438
0.06780934
0.06502223
0.06507993
0.06548953
0.06612277
0.07637048
0.06817412
0.06775808
0.07910228
0.06884336
0.07742643
0.06791735
0.06698537
0.07135439
0.06741786
0.07185102
0.07487297
0.06633592
0.06414628
0.06470251
0.06972790
0.07275867
0.07398868
0.06736422
0.07388639
0.07999825
0.07026553
0.07552767
0.07666779
0.07092714
0.07579017
0.07548547
0.08280325
0.07472754
0.08372045
0.08480120
0.08921194
0.09125280
0.08381891
0.08251381
0.09051776
0.09114861
0.09008431
0.10219049
0.09997272
0.14488935
0.11583662
0.12237120
0.12593436
0.11443949
0.11715841
0.11139989
0.11065030
0.10618687
0.10156369
0.09956169
0.10600901
0.10766745
0.11457562
0.10058260
0.10882020
0.10100031
0.10815549
0.10386133
0.11780500
0.11189556
0.09744191
0.09750390
0.11571336
0.13334441
0.10119843
0.10105395
0.10997152
0.12927747
0.10952616
0.11889696
0.10252714
0.09937930
0.09891295
0.10144043
0.10832858
0.13936496
0.11997366
0.11920524
0.06760526
0.06349730
0.06774139
0.06709576
0.07319784
0.07757306
0.07350850
0.06556845
0.07444429
0.07574058
0.13221860
0.09294581
0.08965492
0.10203362
0.09844828
0.09699917
0.09334588
0.09369516
0.09580421
0.12543249
0.14633608
0.11576915
0.12301636
0.11396122
0.11759996
0.11567879
0.10536695
0.10029793
0.10875463
0.10842514
0.10204792
0.11258006
0.11735630
0.10390282
0.09664035
0.10098076
0.11008430
0.11659408
0.10313654
0.10127902
