0.02422667
0.06757975
0.06505942
0.07454777
0.06512117
0.06696653
0.07366610
0.06893659
0.06450462
0.06632137
0.06610918
0.06382060
0.05948591
0.05865955
0.05762458
0.06214023
0.06493759
0.06510615
0.06353331
0.06399083
0.06577444
0.06448913
0.06534290
0.06775379
0.06651354
0.06548357
0.06496787
0.06606221
0.06433868
0.06165743
0.06116509
0.06364965
0.06233454
0.06637812
0.06470490
0.06561661
0.05784297
0.05860519
0.05835986
0.06051850
0.06249523
0.06295800
0.06079268
0.06077003
0.06112480
0.06748104
0.06544089
0.06288242
0.06026649
0.06313348
0.06505942
0.06434822
0.06552386
0.06337237
0.06110883
0.06543398
0.07092834
0.06528974
0.06270885
0.06232262
0.06569433
0.06415105
0.06616330
0.06776857
0.05995417
0.06063986
0.06581426
0.06491756
0.06504440
0.06464624
0.06368876
0.06811786
0.06449342
0.06635499
0.06499004
0.06387949
0.05927682
0.06015277
0.06220484
0.06070852
0.06332755
0.06555152
0.08239746
0.06103754
0.07420444
0.06783891
0.06515431
0.06080413
0.06098604
0.06078863
0.06270242
0.06260371
0.06047082
0.05877376
0.06173468
0.06672668
0.06537509
0.06230450
0.06031990
0.05992675
0.06201386
0.06652355
0.06519580
0.06474710
0.06133461
0.06049562
0.06082296
0.06232095
0.06444597
0.06640220
0.06234503
0.06152296
0.06209588
0.06272984
0.06494832
0.06593084
0.06041384
0.06159592
0.06205249
0.06484485
0.06693387
0.06262755
0.06270313
0.06168985
0.06227088
0.06497073
0.06327701
0.06365490
0.05806327
0.05881119
0.05873513
0.06034636
0.06088805
0.06273913
0.05942035
0.05912995
0.06080556
0.06346107
0.06278086
0.06200290
0.05981779
0.05918550
0.06249070
0.06377411
0.06624651
0.06238008
0.06344104
0.06418872
0.06558228
0.07020450
0.07107091
0.06511903
0.06484151
0.06420422
0.06528759
0.06413984
0.06366110
0.06415009
0.06680346
0.06296492
0.06404757
0.06510234
0.06623578
0.06283140
0.06655502
0.06660986
0.06929493
0.06560516
0.06359029
0.06404710
0.06407332
0.06415272
0.06842780
0.06360292
0.06400967
0.06460404
0.06252241
0.06429577
0.06594849
0.06487799
0.06154513
0.06128407
0.06327176
0.06908941
0.06924343
0.06638122
0.06558919
0.06540942
0.06232500
0.06479573
0.06203604
0.06169343
0.06067634
0.06334233
0.06274605
0.06558871
0.06156468
0.06122065
0.06063652
0.06051731
0.06301212
0.06279612
0.06928515
0.06385827
0.06350470
0.06763554
0.06496310
0.06322813
0.06252551
0.06136632
0.06363249
0.06500554
0.06383944
0.06249475
0.07120848
0.06466794
0.06472135
0.06579685
0.06767988
0.06537533
0.06433678
0.06440973
0.06616020
0.06401682
0.06485772
0.06395650
0.06307077
0.06399369
0.06583977
0.06218863
0.06116700
0.05962873
0.06493521
0.06598520
0.06489730
0.06464767
0.06853390
0.10035777
0.06524777
0.06597257
0.06738520
0.06519604
0.06401634
0.06316280
0.06442070
0.10535836
0.07685733
0.07722354
0.07603049
0.07649946
0.07947183
0.07536101
0.06331944
0.06052017
0.06196833
0.06353021
0.06354880
0.06443262
0.06064010
0.06076384
0.06268120
0.06388521
0.06334209
0.06285310
0.06603646
0.06438565
0.06544137
0.06798553
0.06642437
0.06402493
0.06298757
0.06475639
0.06709194
0.06662560
0.06371999
0.06435704
0.06537795
0.06461167
0.06490397
0.06378484
0.06441402
0.06456947
0.06597161
0.06703043
0.13302422
0.07863808
0.07514381
0.07579494
0.07796121
0.07618117
0.07342958
0.06284642
0.06338191
0.06216073
0.06235886
0.06412864
0.06371999
0.06488681
0.06480455
0.06560469
0.06535697
0.06368065
0.06206203
0.06217146
0.06484795
0.06176877
0.06146646
0.06129336
0.06034756
0.06150126
0.06575155
0.06610179
0.06521797
0.06051731
0.05821419
0.06281447
0.06460571
0.06365871
0.06270027
0.06177640
0.06340241
0.06328630
0.06365776
0.06137681
0.06110120
0.06030846
0.06255555
0.06280351
0.06445694
0.05911946
0.05817437
0.05990958
0.05957079
0.06335187
0.06424904
0.06419516
0.06263185
0.06262684
0.06192017
0.06073833
0.06118941
0.06212831
0.06336308
0.06504655
0.06270075
0.06475949
0.06451201
0.06384540
0.05841279
0.06092978
0.06437755
0.06331730
0.06548667
0.05896473
0.05881119
0.05813980
0.06069398
0.06176639
0.06250143
0.05899954
0.05861163
0.05966616
0.05965543
0.06335926
0.06199288
0.06092787
0.06124306
0.06129217
0.06343198
0.06129432
0.06194520
0.06195450
0.06486511
0.06287026
0.06354046
0.06985021
0.06172705
0.06392741
0.06522751
0.06496787
0.06521463
0.06474853
0.06233072
0.06297946
0.06281710
0.06493020
0.06356287
0.06246924
0.07873988
0.06242800
0.06765008
0.06530333
0.06487989
0.06338739
0.06416917
0.06385279
0.06233168
0.06842065
0.06300807
0.06157446
0.06157589
0.06366992
0.06248450
0.06425047
0.06340575
0.06397533
0.06223202
0.06448936
0.06303620
0.06433749
0.06295323
0.06068277
0.06021118
0.06035542
0.06449413
0.06354070
0.06383228
0.06112027
0.06208158
0.06303835
0.06081963
0.05945635
0.05726886
0.06282830
0.06273890
0.06267381
0.06068158
0.06262016
0.05820584
0.05831480
0.05840969
0.06451488
0.06233859
0.06079102
0.06145310
0.06669068
0.06617737
0.06502891
0.06554198
0.06249237
0.06123352
0.06212974
0.06178665
0.06590295
0.06522489
0.06287622
0.06520438
0.06421089
0.06547642
0.06499791
0.06213641
0.06120872
0.06219697
0.06614661
0.06130838
0.06518340
0.06103683
0.06215167
0.06165767
0.06158352
0.06251860
0.06259656
0.05973458
0.05751252
0.05665946
0.06140661
0.06013703
0.05962968
0.06135917
0.05824113
0.06088448
0.06160951
0.07142329
0.06493878
0.06290388
0.06334996
0.06244087
0.06665540
0.06799579
0.06881809
0.06588173
0.06390738
0.06081533
0.06286335
0.06488419
0.06531143
0.06232357
0.06203437
0.06647611
0.06167006
0.06158614
0.06101537
0.05827928
0.05794621
0.06168437
0.06112623
0.06445265
0.06397748
0.06361985
0.06153226
0.06238389
0.06606555
0.06977773
0.06332755
0.06675100
0.06077433
0.05973792
0.06107831
0.06123686
0.05718231
0.06077766
0.06134009
0.06138229
0.07993126
0.06121898
0.06145597
0.05983543
0.05870461
0.06244349
0.06269884
0.06350231
0.06151295
0.05813074
0.06359339
0.06309414
0.06405425
0.06285143
0.06193042
0.05762935
0.05725789
0.05991149
0.06118512
0.06153798
0.05979681
0.06159139
0.06163263
0.06401658
0.06732607
0.06383753
0.06347680
0.06268764
0.06326389
0.06428051
0.06520557
0.06256413
0.06141210
0.06163192
0.06228924
0.06407762
0.08238935
0.06169128
0.06283307
0.06361747
0.06877398
0.06810451
0.06418276
0.06233358
0.06543851
0.06535769
0.06857538
0.06599927
0.06271267
0.06464124
0.06451082
0.06095695
0.06237411
0.06474829
0.06238270
0.06136012
0.06056809
0.06403208
0.06398416
0.07259727
0.06232071
0.06183553
0.06222892
0.06289506
0.06409049
0.06318569
0.06273508
0.06145072
0.06228423
0.08357382
0.06753087
0.06605768
0.06612492
0.06666327
0.06553316
0.07002735
0.06363320
0.06237006
0.06112695
0.06289196
0.06584907
0.06459212
0.05984926
0.05927634
0.05940676
0.06047034
0.06165051
0.06341219
0.05881643
0.05731368
0.06106353
0.06444144
0.06075907
0.06469464
0.05865026
0.06238866
0.05920339
0.06181741
0.06089854
0.06194282
0.05831909
0.06007385
0.05933857
0.05914903
0.05973482
0.05954313
0.05760121
0.05752397
0.06047797
0.06334472
0.06638360
0.06248760
0.06020832
0.06381679
0.06420660
0.06197476
0.06166172
0.06548738
0.06263089
0.05827260
0.05940914
0.06142092
0.06203914
0.06227279
0.05954981
0.05897450
0.06265020
0.06332636
0.06259799
0.06081581
0.06291389
0.05932760
0.05950665
0.06788707
0.06188512
0.05993724
0.05833817
0.06177402
0.05906510
0.06233835
0.06519413
0.06298780
0.05836368
0.06131268
0.06748009
0.06799769
0.07244706
0.06238675
0.05967951
0.06286812
0.06309533
0.06241131
0.06487656
0.06065011
0.06175947
0.06190848
0.06563377
0.06441474
0.06001735
0.06034040
0.06459737
0.06146002
0.06079865
0.06511545
0.06329203
0.06534100
0.06139994
0.05984783
0.06471205
0.06487727
0.06321144
0.06579661
0.06467295
0.06924009
0.06362724
0.06108785
0.06187296
0.06701374
0.05949235
0.06441903
0.06321907
0.05803609
0.06048989
0.06038833
0.06074142
0.06255436
0.06168580
0.05979180
0.05852795
0.06000423
0.05930209
0.06263781
0.06288958
0.05916905
0.06179500
0.06240153
0.06060576
0.06402087
0.06358910
0.06394696
0.06618357
0.06516719
0.06715846
0.06356835
0.05856681
0.06047869
0.05849242
0.05907035
0.06037498
0.06575584
0.06319809
0.06481218
0.06424284
0.06436205
0.06607676
0.06574321
0.06208634
0.06285214
0.06406188
0.06436396
0.06175947
0.06410193
0.05996990
0.05980468
0.05883288
0.06046629
0.05973506
0.06053257
0.06199741
0.06434846
0.06485915
0.06812978
0.06558871
0.06225014
0.06004429
0.06130052
0.06151366
0.06388307
0.06591177
0.06288791
0.06139660
0.06117034
0.06221890
0.06131959
0.06151938
0.06149840
0.06101370
0.05988550
0.06322074
0.06244254
0.06502271
0.05889821
0.05874944
0.06171107
0.06251287
0.06378150
0.06957674
0.06222773
0.06719184
0.06148338
0.06419802
0.06429458
0.06342840
0.06386709
0.06363654
0.06035185
0.05948877
0.05962777
0.05973148
0.05889869
0.05904818
0.06201434
0.06020236
0.06313634
0.06408119
0.06267595
0.06330180
0.06098223
0.06017399
0.06522775
0.06858873
0.06654525
0.06518698
0.06552458
0.06703377
0.06045413
0.05924201
0.05880690
0.05978942
0.05970979
0.06293035
0.06431508
0.06764364
0.06502509
0.06232643
0.06408548
0.06311727
0.06088233
0.05901241
0.05884004
0.06123233
0.06189466
0.06025004
0.06358647
0.05776358
0.06007457
0.05992770
0.06084514
0.06139994
0.06334591
0.06200719
0.06396127
0.06162667
0.06353879
0.06257749
0.06120777
0.05796218
0.06094885
0.06219196
0.06517196
0.06366777
0.06187677
0.06202173
0.06294394
0.06407547
0.06737447
0.06552696
0.06576896
0.06084967
0.06563354
0.06306028
0.06494975
0.06321883
0.06110811
0.06000018
0.06081295
0.06685877
0.06423306
0.06617880
0.06301451
0.06278062
0.06039429
0.06079674
0.06115365
0.06481910
0.06309724
0.06205750
0.06481695
0.06365657
0.06871939
0.06112862
0.05949688
0.06412864
0.06704926
0.06393147
0.07451797
0.06567907
0.06584382
0.06406069
0.06468391
0.06392717
0.06455207
0.06081772
0.06276774
0.06350398
0.06821966
0.06376767
0.06187868
0.05987668
0.05919695
0.06444740
0.05919933
0.05969143
0.06235504
0.05998731
0.06391621
0.06431961
0.06162691
0.06612372
0.06401157
0.06372023
0.06575704
0.06318116
0.06677008
0.06526041
0.06516767
0.06557941
0.06541109
0.06792569
0.06480718
0.06529212
0.06257868
0.05857944
0.06005001
0.06340289
0.06545091
0.05959797
0.06347990
0.06314468
0.06178427
