0.02582955
0.07603431
0.07498503
0.07430816
0.07498407
0.07331061
0.07166672
0.07245231
0.07373047
0.07380843
0.07299376
0.07232618
0.07227945
0.07446599
0.07113576
0.07067466
0.07261658
0.07092309
0.07181525
0.07103252
0.07266283
0.07090521
0.07016063
0.07019138
0.07102847
0.07239413
0.07182121
0.07052922
0.07116842
0.07602191
0.07475448
0.07259655
0.07285929
0.07403445
0.07144594
0.07511258
0.07369041
0.07451916
0.07560778
0.07465029
0.07680774
0.08453321
0.07376051
0.07477713
0.12585902
0.09014535
0.08791471
0.08912587
0.08858347
0.09104133
0.09509301
0.08044624
0.07644272
0.07895994
0.07717419
0.07361007
0.07557631
0.07581306
0.07703495
0.07800627
0.07443213
0.07338595
0.07237482
0.10573483
0.07609630
0.07504797
0.07663441
0.07319784
0.07218051
0.08353853
0.07457042
0.07333517
0.07285738
0.07700181
0.07626176
0.07455301
0.07275534
0.07286477
0.07354999
0.11488914
0.08625364
0.08680511
0.09089565
0.08740377
0.07121158
0.07288599
0.07439566
0.07423902
0.07525110
0.07833362
0.07327223
0.07281995
0.07449746
0.07704258
0.07159472
0.07083964
0.07319164
0.07251263
0.07281876
0.07402658
0.07485175
0.06981826
0.07100606
0.06965065
0.07251716
0.07297063
0.07091975
0.07213473
0.07550073
0.07321286
0.07301021
0.07352114
0.07222509
0.07451892
0.07396340
0.09578323
0.08580899
0.08511925
0.08582187
0.08900642
0.07835937
0.07057190
0.07243395
0.07434034
0.09268332
0.07016420
0.06855249
0.07302165
0.07830310
0.07553744
0.06842828
0.07189369
0.06972408
0.06836462
0.07385397
0.07547832
0.07257843
0.07175708
0.07190800
0.07192945
0.07369924
0.07163382
0.06715751
0.07030392
0.06838083
0.06912684
0.06830096
0.07049775
0.07079196
0.06836438
0.07023764
0.07182384
0.07129693
0.07050562
0.07238054
0.07099700
0.07038021
0.06757832
0.06957960
0.07034016
0.07097292
0.06856346
0.06492782
0.06605101
0.06621122
0.06598449
0.11723089
0.08481455
0.08611035
0.08460712
0.08421183
0.08162022
0.06755948
0.06452703
0.06637168
0.06800866
0.06611443
0.06502032
0.06895638
0.06660151
0.06699252
0.06691575
0.06629801
0.06741977
0.06599903
0.07027960
0.06993341
0.06847882
0.06512594
0.06738710
0.07005310
0.06835842
0.07194543
0.08971739
0.07861495
0.08808231
0.08008957
0.08191156
0.08742976
0.07125711
0.09597349
0.06760955
0.06906700
0.06739902
0.06932712
0.06969786
0.06896329
0.07096839
0.06677198
0.06449175
0.06555676
0.06502438
0.06547070
0.06787705
0.06395912
0.06547427
0.06578135
0.06569529
0.06687498
0.09935546
0.08127785
0.08032036
0.08357739
0.08083129
0.08166957
0.07977176
0.08055472
0.12192535
0.08156633
0.08382583
0.08305740
0.08767676
0.08535075
0.08234310
0.07306361
0.06955862
0.06913829
0.07058859
0.07010579
0.06985545
0.06955409
0.07061243
0.06963277
0.06746769
0.07107639
0.06829524
0.06968307
0.06965828
0.07015777
0.07033396
0.06881618
0.06802750
0.07043314
0.06708360
0.06976151
0.06839275
0.06714082
0.06934667
0.06579137
0.06802058
0.06713867
0.06297994
0.06500149
0.08178997
0.06567597
0.06834960
0.07264590
0.06952596
0.06996036
0.09879255
0.08140397
0.07796335
0.08869171
0.08170128
0.08211756
0.06755018
0.06801081
0.06901574
0.11635828
0.09035826
0.07947397
0.07977128
0.08038402
0.07975054
0.08586955
0.07649255
0.06713796
0.06814861
0.06447625
0.06311941
0.06543708
0.06459546
0.06258607
0.06566310
0.06663418
0.06788182
0.06523132
0.06775308
0.06758857
0.06821585
0.06656098
0.06592488
0.06596422
0.06551385
0.06986070
0.07845783
0.06775260
0.06930852
0.06678748
0.06977797
0.11059713
0.07898164
0.07967424
0.07787919
0.07885742
0.07724762
0.06685233
0.06475759
0.06096411
0.06897521
0.06825161
0.06768990
0.06702280
0.06199145
0.06411886
0.06772661
0.07559109
0.06306791
0.06263018
0.06615806
0.06557035
0.06692219
0.06669164
0.06598401
0.06514287
0.06558585
0.08338308
0.06819868
0.06467175
0.06897807
0.06700516
0.06825948
0.06845427
0.06420231
0.06515503
0.06597352
0.06589508
0.06550622
0.06683898
0.07111216
0.06526661
0.07105660
0.06558704
0.06578779
0.06626844
0.06048489
0.06038189
0.06305242
0.06686878
0.06185508
0.06049824
0.06083083
0.06393981
0.06445074
0.06418991
0.06351161
0.06451893
0.06391764
0.06562781
0.06557417
0.06758380
0.06958747
0.06222844
0.06316447
0.06371665
0.06619906
0.06139278
0.05746365
0.05845904
0.05865765
0.06412816
0.06776905
0.06606650
0.06361151
0.06101751
0.06063962
0.06299090
0.06306219
0.06041956
0.06391048
0.06440115
0.06355119
0.06301641
0.06356335
0.06151342
0.06634545
0.06308246
0.06525373
0.06481028
0.06371522
0.06051445
0.06018162
0.05962682
0.06722522
0.06731415
0.05987787
0.05960083
0.06342626
0.06205440
0.06555629
0.06682491
0.05928731
0.06129837
0.06557608
0.06525970
0.08181381
0.06770420
0.06942081
0.06515908
0.06336164
0.06654167
0.06554556
0.06083751
0.06371069
0.06515312
0.06947923
0.06472445
0.06622052
0.06237245
0.06355524
0.06311059
0.06080627
0.06566763
0.06972075
0.06548190
0.06522107
0.06560206
0.06825638
0.06560874
0.06716919
0.06671119
0.06621861
0.06991506
0.06787753
0.07510281
0.06524587
0.06638837
0.06647968
0.06839895
0.07061791
0.06166410
0.05896044
0.05994201
0.06589818
0.06376290
0.06574059
0.06904864
0.06534457
0.06542349
0.06625485
0.06814551
0.06315398
0.06582594
0.06799698
0.06380773
0.06498551
0.06633162
0.06590319
0.06319237
0.06258535
0.06516504
0.06963825
0.06971979
0.06492066
0.06411076
0.06366968
0.06260896
0.06285954
0.06357026
0.06207085
0.06222773
0.06606817
0.06784296
0.06613040
0.06658649
0.06575632
0.06538582
0.06742167
0.07094765
0.06283784
0.06394172
0.06685090
0.06679010
0.06999707
0.06674170
0.06661201
0.06383443
0.06324553
0.06684971
0.07513165
0.11376071
0.09052420
0.07978821
0.08110571
0.07920313
0.07732034
0.07765651
0.11354256
0.07883239
0.07819271
0.08123207
0.07898569
0.07808876
0.07704377
0.06416678
0.06429625
0.06459069
0.06683540
0.06620002
0.06317401
0.06370711
0.06177998
0.06342435
0.06393480
0.06424952
0.06492829
0.06323266
0.06464052
0.06501698
0.06629086
0.06567931
0.06460977
0.06505322
0.06696033
0.06323814
0.06374359
0.06688714
0.06727767
0.06427193
0.06140280
0.06254315
0.06493592
0.06797600
0.06115627
0.06455946
0.06554317
0.06721878
0.06963325
0.06332326
0.06475472
0.06615782
0.06638694
0.06733823
0.06782961
0.06524777
0.06617641
0.06577229
0.06680655
0.07062674
0.06211281
0.06782484
0.06706953
0.06774569
0.06760764
0.06673479
0.06835651
0.06754446
0.06433082
0.06403518
0.06384373
0.06847262
0.07859135
0.06696200
0.06884241
0.06922817
0.06837010
0.09788084
0.08138394
0.08347273
0.08192420
0.07961679
0.07554030
0.06630301
0.06806111
0.06975174
0.06710315
0.06743741
0.06730413
0.06625390
0.06706929
0.06596351
0.06685328
0.06509328
0.06498623
0.06696010
0.09228921
0.07174945
0.07190609
0.07195425
0.08435440
0.07281685
0.06836987
0.06889558
0.06727386
0.06528401
0.07026887
0.06937385
0.06912208
0.10912251
0.08173466
0.08254051
0.07932162
0.07987666
0.08007073
0.07582164
0.07097721
0.06838226
0.06957793
0.06948447
0.06906343
0.07346869
0.06864071
0.06757379
0.06695056
0.07222557
0.07374620
0.07133865
0.06580043
0.06803966
0.06665206
0.06604648
0.07157898
0.06711578
0.06620789
0.06555033
0.06633711
0.06621218
0.06743741
0.06459975
0.06420135
0.06378388
0.06946754
0.07171583
0.07132006
0.06999111
0.07009482
0.07510734
0.07321143
0.06995702
0.06881142
0.07035422
0.07519817
0.06964612
0.06799388
0.06746244
0.07000589
0.06986904
0.07049203
0.06921077
