0.02376246
0.06528187
0.06698585
0.06143928
0.05920744
0.06263852
0.06439829
0.06432986
0.06612396
0.06675220
0.06486344
0.06092978
0.06104183
0.06186152
0.06270480
0.06258655
0.06098580
0.05985379
0.05949688
0.06092596
0.11094642
0.07322145
0.07394886
0.07645702
0.07480741
0.07479739
0.07820439
0.06847405
0.05783463
0.06069922
0.06151032
0.06178260
0.05924177
0.06080365
0.06143522
0.06037426
0.06097960
0.06045222
0.05959392
0.05960727
0.06460953
0.08116555
0.06440449
0.06415415
0.10166383
0.07316685
0.07502413
0.07541752
0.07399559
0.07226944
0.07438898
0.07550979
0.06338835
0.06239986
0.06146812
0.06155348
0.06207728
0.06355858
0.06240153
0.05993772
0.06003094
0.05899143
0.06270981
0.05940866
0.06195116
0.06084847
0.06283736
0.06062651
0.05852866
0.06686902
0.06655169
0.10142398
0.07291436
0.07286453
0.07430267
0.08063030
0.07566667
0.07716465
0.06160927
0.06286478
0.06358194
0.06292701
0.09992623
0.10305882
0.07856154
0.07614493
0.07401204
0.07318521
0.07202721
0.07291317
0.06777740
0.06105828
0.06179833
0.06305838
0.06038427
0.07094812
0.06500244
0.09275198
0.10139132
0.08880138
0.08552361
0.07591701
0.07913303
0.07663012
0.06369138
0.06287527
0.06044245
0.05808520
0.05767441
0.06054854
0.06162500
0.06108904
0.05941463
0.06277323
0.06523681
0.06208181
0.06740499
0.06550217
0.06288338
0.10626388
0.07464051
0.07727814
0.07557321
0.08344197
0.06407022
0.06745219
0.06778932
0.06466460
0.08282495
0.06430125
0.06143093
0.06321788
0.10358620
0.07784986
0.07319713
0.07407784
0.07478046
0.07849264
0.07588100
0.06014109
0.06045532
0.05945754
0.06539273
0.06207061
0.06061411
0.05827641
0.06414843
0.06320739
0.06619072
0.06177902
0.06164789
0.05977869
0.06015611
0.05916119
0.06442142
0.06323361
0.05992603
0.05900860
0.05922890
0.05880952
0.06115437
0.06088042
0.06475806
0.06099463
0.06167412
0.06125546
0.06590295
0.06578422
0.05882955
0.05870223
0.06167030
0.06368446
0.06356668
0.06079650
0.06122637
0.06050825
0.06424332
0.05847883
0.06178665
0.06292939
0.05903339
0.05690384
0.05739045
0.06181216
0.06422710
0.06517029
0.06499553
0.06060219
0.05767179
0.06155396
0.06418538
0.06842542
0.06007552
0.06296015
0.06528568
0.06256032
0.06771493
0.06291986
0.06296873
0.06215692
0.06316972
0.06852388
0.06736636
0.06378627
0.06074977
0.05976176
0.06245804
0.06506801
0.08184719
0.06695223
0.06267071
0.06462240
0.06234121
0.06177378
0.06376195
0.06304193
0.06045651
0.06369781
0.06618023
0.06136012
0.05872011
0.05739141
0.06204271
0.05952382
0.05970526
0.06061840
0.06087184
0.05921054
0.05963898
0.06202102
0.06036568
0.05961704
0.06054878
0.05771708
0.05749130
0.06158042
0.06191850
0.05978966
0.06825638
0.06203294
0.06423783
0.07441592
0.06340027
0.05994940
0.06172872
0.06270409
0.06383204
0.05958414
0.06080961
0.06281185
0.06584525
0.06159949
0.06192017
0.06310344
0.06370258
0.06219530
0.05848384
0.06260490
0.09147692
0.07579637
0.07550526
0.07480383
0.07502460
0.07215500
0.06255746
0.06499267
0.07956338
0.06625605
0.06395102
0.07125568
0.06606650
0.06452155
0.07396054
0.06263852
0.06245828
0.07963276
0.06376505
0.06430674
0.06471825
0.06593347
0.06458306
0.06615710
0.06603122
0.06113124
0.06009388
0.06375504
0.06500411
0.06489372
0.06591201
0.06404829
0.05892277
0.06181002
0.06058049
0.06142163
0.06041455
0.05981898
0.06331134
0.06327581
0.06408501
0.06455421
0.06494594
0.06529522
0.06452155
0.06381035
0.06584311
0.06544518
0.06347179
0.06190801
0.06465888
0.06455350
0.07173538
0.06602788
0.06302190
0.06202459
0.06306982
0.06358027
0.06385279
0.06211019
0.06219840
0.06200171
0.06345868
0.06152797
0.06203532
0.06352806
0.06173372
0.06112838
0.06275034
0.06120777
0.06124020
0.06203771
0.06352997
0.06254578
0.06200695
0.06093407
0.06434584
0.06393313
0.07412124
0.06432652
0.06293154
0.06523919
0.07099056
0.06588387
0.06484652
0.06275916
0.06217885
0.06306624
0.06310081
0.06350636
0.06723022
0.06123519
0.06355739
0.06376362
0.08264780
0.06379700
0.05912209
0.06024456
0.10942721
0.07944703
0.07552552
0.07568336
0.07673192
0.07892513
0.07512903
0.06399536
0.06316090
0.06312490
0.06427598
0.06585932
0.06344461
0.06324506
0.06433511
0.06557226
0.06590557
0.06792617
0.06538725
0.06279039
0.06432080
0.06447768
0.06240654
0.06294584
0.06021810
0.05868173
0.06202078
0.06377268
0.06484199
0.06413698
0.06455326
0.06395149
0.07496214
0.06476307
0.06347489
0.06076646
0.06433892
