0.02523017
0.07298732
0.07062006
0.06908393
0.06478739
0.11435270
0.08114743
0.08418107
0.08072329
0.08189154
0.09973860
0.11357069
0.08226752
0.08118916
0.08133340
0.08216095
0.08096218
0.07874084
0.06771684
0.06491280
0.06833363
0.06548381
0.06598687
0.06505275
0.06716490
0.06680512
0.06860518
0.06633615
0.06588531
0.06708765
0.06558275
0.06629658
0.06701994
0.06558037
0.06458807
0.06733203
0.06842566
0.06675482
0.06346416
0.06415129
0.06662107
0.06554794
0.06686187
0.06501865
0.06498480
0.06609106
0.06727457
0.06611085
0.06678343
0.06895638
0.07162642
0.06722379
0.07125831
0.06941557
0.06667209
0.06502080
0.06891084
0.06774163
0.06820869
0.06867170
0.06664348
0.06541848
0.07098341
0.06758308
0.07033587
0.06896639
0.06559682
0.06585932
0.06549025
0.06857467
0.06632161
0.06681037
0.09279132
0.07034898
0.09424782
0.06924963
0.06878924
0.06721544
0.07934928
0.08666515
0.07078743
0.06860566
0.06790113
0.06906486
0.06909871
0.06740403
0.06977749
0.07052898
0.06923771
0.07500482
0.06858444
0.07176352
0.06944418
0.06441116
0.06654215
0.06868696
0.07814121
0.07339931
0.07187772
0.07002378
0.06780863
0.07715583
0.06824803
0.07025337
0.06652427
0.06550312
0.06797171
0.06860971
0.06733704
0.06395268
0.06506848
0.06810117
0.07197070
0.06904340
0.07426143
0.07077718
0.06787443
0.07077432
0.07421231
0.06626201
0.06724930
0.06866789
0.07361484
0.07754755
0.07033324
0.07129383
0.07324529
0.07459211
0.12211275
0.09306121
0.08942199
0.08933663
0.08559179
0.08437133
0.08247805
0.07358098
0.06767511
0.06924844
0.06928515
0.07347536
0.07171488
0.07234263
0.07046986
0.07127428
0.06915975
0.06793737
0.06969190
0.06889701
0.07090163
0.07114816
0.07487583
0.07262015
0.07100558
0.11477184
0.08852577
0.08382559
0.08942723
0.08942103
0.08460975
0.07472348
0.07344604
0.07241154
0.07681108
0.07362485
0.07553077
0.07241297
0.07088327
0.07137775
0.07044601
0.07220817
0.11809802
0.08439994
0.08508420
0.08568192
0.08585119
0.09424305
0.09245586
0.07342362
0.07194829
0.06934500
0.06508994
0.06944776
0.07543015
0.07271051
0.07317615
0.07159615
0.07005644
0.07028818
0.07115746
0.06883669
0.06845093
0.07091665
0.06848431
0.06993270
0.07468414
0.06934071
0.06852269
0.06932569
0.06763196
0.06859469
0.07504177
0.07048011
0.07588983
0.07180166
0.06950402
0.06794071
0.06794643
0.07279968
0.06901813
0.07045460
0.06848097
0.07081890
0.07151389
0.07463050
0.06980181
0.07107687
0.06869245
0.06707096
0.07085681
0.07196951
0.07273960
0.07119679
0.07085514
0.07021952
0.07076669
0.07046795
0.07198000
0.06788421
0.07246828
0.06941295
0.07089710
0.07043386
0.06721544
0.06618834
0.06643248
0.07016635
0.06890082
0.06786323
0.06443095
0.06764126
0.06765413
0.06950808
0.07053709
0.06818509
0.06760144
0.06804228
0.06868887
0.06703639
0.06779265
0.06819129
0.06729841
0.06868362
