0.02600837
0.09139419
0.07584786
0.07506227
0.07644153
0.07720089
0.08617139
0.06473780
0.06474066
0.07018518
0.06603169
0.06228280
0.06115842
0.06291485
0.07155919
0.06449556
0.06513047
0.06518841
0.06261063
0.06136847
0.06404424
0.06651926
0.06434369
0.05859900
0.05988646
0.06024051
0.06473279
0.06555557
0.06545711
0.08247828
0.06624341
0.06355453
0.06781673
0.06375194
0.06142139
0.05894732
0.06949520
0.06207275
0.06535149
0.06646633
0.06560373
0.06756067
0.06456447
0.06528068
0.06781888
0.06531715
0.06363010
0.10122490
0.09209943
0.06667590
0.06703877
0.06748676
0.06551075
0.06556916
0.06717801
0.06671619
0.06565213
0.06591487
0.06496906
0.06571555
0.08914709
0.08972645
0.07769132
0.06571579
0.07111859
0.06501484
0.06385517
0.06350088
0.06622195
0.06606078
0.09899569
0.06623840
0.06742239
0.06764436
0.06406140
0.06536126
0.06727934
0.06715059
0.06789494
0.06864119
0.06804180
0.06731367
0.06820512
0.06988025
0.06666207
0.06896782
0.06852126
0.06835938
0.06824470
0.06738138
0.06390595
0.06718588
0.06702733
0.06740379
0.06688380
0.06639266
0.06704283
0.06453967
0.06997180
0.06154776
0.06372094
0.06432581
0.06501937
0.06514382
0.06443644
0.06308985
0.06471133
0.06416607
0.06585956
0.06699729
0.06680012
0.07832885
0.07829714
0.06495619
0.06766844
0.06684542
0.06809783
0.06630969
0.06603146
0.06377816
0.06799555
0.06555820
0.06537437
0.06476068
0.10469890
0.06589293
0.07558680
0.06536102
0.06274009
0.06351376
0.06715035
0.06585884
0.06562233
0.06797218
0.06618834
0.06639504
0.09904456
0.06491256
0.06645942
0.06218147
0.06298923
0.06699181
0.06706238
0.06178117
0.06158876
0.06511927
0.06447721
0.06657815
0.06576753
0.06722760
0.06336904
0.06751132
0.06696963
0.06525612
0.06274676
0.06112933
0.06360602
0.06103206
0.06332803
0.06320333
0.06208348
0.05854368
0.05848360
0.06431389
0.06556177
0.06557417
0.06561494
0.06311512
0.06250095
0.06509829
0.06504488
0.06543732
0.06184268
0.06562948
0.06160498
0.06359816
0.06270313
0.06062198
0.05923319
0.05827498
0.06162310
0.05980635
0.06435084
0.06063938
0.06037331
0.05848050
0.05768871
0.05889249
0.06069422
0.06028700
0.05797410
0.05760789
0.05761099
0.06238461
0.06895781
0.06156135
0.05807114
0.06009030
0.06036472
0.06057429
0.06048822
0.05998564
0.06079817
0.05904579
0.06095839
0.06013203
0.06171250
0.05965471
0.05711508
0.05721354
0.06113434
0.06295061
0.06185746
0.05953765
0.06114459
0.06195116
0.06218600
0.06001902
0.06019950
0.06068063
0.05946374
0.06039953
0.06146193
0.05804491
0.06329298
0.06245446
0.05944014
0.05890608
0.06566119
0.06525636
0.06106782
0.06307626
0.06461668
0.09093761
0.06169963
0.06041431
0.06102967
0.06221485
0.06797194
0.06284547
0.06677318
0.06533265
0.06538510
0.06811380
0.06304550
0.06322169
0.06272578
0.06437087
0.06445479
0.06192780
0.06166267
0.05917835
0.06067133
0.05969572
0.06108737
0.05834436
0.05827951
0.06275034
0.06144881
0.06162262
0.05966735
0.05634141
0.06014466
0.06026745
0.06026196
0.06178379
0.06128669
0.05914164
0.05911779
0.06044197
0.05816340
0.05970335
0.05876064
0.06168032
0.06090593
0.06139374
0.07347322
0.06672955
0.06331015
0.06265044
0.06512713
0.06255579
0.06102157
0.06033492
0.06291461
0.06147194
0.06300831
0.06244421
0.06311798
0.06685877
0.06267500
0.06227851
0.07256389
0.06400609
0.06455564
0.06250715
0.06159759
0.06184340
0.05908942
0.05898666
0.06061792
0.06050682
0.06047034
0.05970335
0.06022549
0.05841899
0.05995727
0.06118083
0.06233859
0.05904341
0.05791116
0.05971336
0.06030393
0.06248236
0.06478095
0.06105351
0.06011200
0.06227231
0.06370711
0.05815983
0.06039476
0.06929398
0.08133650
0.06379175
0.06610346
0.06473970
0.06277871
0.06222129
0.06257749
0.06224227
0.06269479
0.06065631
0.06254864
0.06050134
0.06516838
0.06149745
0.06085563
0.06208229
0.06297755
0.06100011
0.06073284
0.06373930
0.06619787
0.05829883
0.05940056
0.06494474
0.06407857
0.06451201
0.08636093
0.06820154
0.05857539
0.06472850
0.07045889
0.06468916
0.06411576
0.06260252
0.06362176
0.06669927
0.06444407
0.06468272
0.05896878
0.05923438
0.06040287
0.06206512
0.06407189
0.06083107
0.05850172
0.05817199
0.06115699
0.06023383
0.05848908
0.05682874
0.05888605
0.05922318
0.05911493
0.06166744
0.06469083
0.05948710
0.05928516
0.05917954
0.06054163
0.06059575
0.06074309
0.05943227
0.05768776
0.05819058
0.06408858
0.06622744
0.06239295
0.06637526
0.06009173
0.06046200
0.06378865
0.06384611
0.06334853
0.05977154
0.06181264
0.06115937
0.06266308
0.06221271
0.06009936
0.05743861
0.05985451
0.06011009
0.06293702
0.06431746
0.06311274
0.06071210
0.05790377
0.05943847
0.06147075
0.06210709
0.05879283
0.05999637
0.06244349
0.06210566
0.06319118
0.06074953
0.06045175
0.06401563
0.06231189
0.06192756
0.06771660
0.06869817
0.06786132
0.06163239
0.06086564
0.06268001
0.06319594
0.06121874
0.05937934
0.06007814
0.05980062
0.06087160
0.06058836
0.06004310
0.05702043
0.05702782
0.05640459
0.05919933
0.06208730
0.06352115
0.05768156
0.05991650
0.06025815
0.05932403
0.06072330
0.06178594
0.05715299
0.05788445
0.05940056
0.05997109
0.05924082
0.06283808
0.05702329
0.05838704
0.06137156
0.06071949
0.06317973
0.06372166
0.06363940
0.06306577
0.06239033
0.06350183
0.07344866
0.06500363
0.06206751
0.06130910
0.06190562
0.07816243
0.06363511
0.06487489
