0.02764893
0.08203959
0.08013916
0.07729888
0.07496333
0.07871604
0.08005834
0.08276844
0.07954478
0.08180666
0.07840133
0.07918882
0.08300591
0.07757926
0.07792425
0.07582355
0.07514167
0.07600260
0.07150626
0.07103324
0.07495666
0.07602191
0.07505584
0.07597280
0.07653785
0.08716059
0.07434249
0.07661343
0.12525654
0.09096789
0.09325337
0.09415340
0.09777927
0.09257221
0.07956672
0.07448149
0.07664251
0.07584190
0.07685518
0.07727146
0.07502413
0.08106303
0.07825327
0.07827020
0.07754445
0.07759404
0.08381033
0.07795024
0.07892418
0.07676363
0.07842636
0.07960844
0.07797623
0.07631016
0.07670808
0.07893467
0.07853723
0.07441926
0.07318425
0.07348084
0.07493520
0.07685471
0.07649446
0.07303286
0.07431245
0.07890034
0.07875204
0.07813549
0.07820296
0.07774425
0.07974911
0.07963181
0.07705140
0.07831407
0.07663298
0.07885575
0.07706547
0.07260776
0.07625675
0.07602715
0.07800889
0.08022094
0.07775283
0.07827497
0.07898998
0.08213043
0.07920122
0.07697082
0.07850146
0.07713509
0.08020234
0.07502151
0.07538295
0.07638025
0.07652283
0.08039594
0.07675409
0.07424021
0.07867217
0.07347131
0.07581115
0.07813001
0.07248855
0.07684207
0.07877111
0.10388756
0.09314275
0.10326433
0.07859826
0.08036590
0.08266115
0.07432413
0.07351947
0.07822180
0.07762527
0.07648015
0.07429552
0.07666230
0.07279110
0.08088112
0.07819176
0.07556558
0.07663417
0.07725143
0.07750344
0.08023047
0.07520390
0.07249689
0.07491159
0.07800436
0.07426834
0.07137132
0.07021403
0.07476687
0.07740879
0.07865334
0.08129597
0.07541180
0.07250476
0.07699037
0.08026671
0.07789993
0.07541680
0.07295108
0.07222652
0.07957101
0.07753277
0.07402635
0.07512140
0.07396436
0.07805824
0.08430624
0.07972097
0.07443285
0.08763337
0.08055544
0.07995200
0.08010340
0.08147240
0.07894564
0.07925200
0.07717633
0.07607412
0.07649279
0.07881069
0.07953477
0.07609153
0.07606673
0.07929230
0.08055544
0.07587433
0.07723331
0.07231355
0.07228041
0.07669187
0.07563019
0.07550788
0.08301449
0.07793307
0.07382321
0.07967854
0.09448528
0.08045363
0.08068228
0.08076692
0.08189821
0.09281802
0.07596159
0.07987118
0.07691526
0.07617354
0.08061481
0.07975769
0.07507348
0.08039236
0.07722878
0.07440066
0.07529902
0.07963562
0.07541561
0.08269715
0.08109045
0.07865214
0.07840919
0.07946682
0.08056903
0.09177256
0.07773805
0.07868218
0.08092904
0.07711625
0.07685804
0.07372737
0.07781792
0.07804108
0.07649088
0.07751393
0.07750964
0.08024621
0.08290124
0.07779813
0.07795691
0.07624769
0.07776499
0.07602262
0.07647920
0.07823372
0.08469129
0.07890010
0.07728100
0.07678890
0.07546234
0.07707310
0.07912564
0.08304024
0.07557535
0.07789636
0.08213091
0.07742858
0.07870317
0.07810354
0.07676411
0.07189083
0.07473230
0.07569289
0.07596421
0.07850957
0.07391715
0.07556772
0.07673097
0.07466531
0.07231188
0.07266092
0.07434106
0.07555604
0.07754993
0.07163668
0.07165384
0.07316518
0.07484770
0.07536936
0.07642674
0.07420778
0.07469726
0.08106375
0.07664919
0.07213688
0.07141042
0.07510543
0.07645106
0.07701731
0.07756162
0.08133054
0.07691193
0.07756829
0.07516313
0.07534242
0.07555199
0.07813311
0.08139443
0.08571005
0.08121371
0.07708859
0.07665229
0.07865500
0.07747650
0.07441807
0.09167457
0.08704615
0.07396102
0.07687378
