0.02925181
0.08156013
0.08524966
0.07376790
0.07194018
0.06843281
0.06822205
0.06708026
0.06995440
0.06775498
0.06438518
0.06755090
0.06939268
0.07060409
0.06939268
0.06679749
0.06802773
0.06941772
0.06543565
0.06842351
0.06816125
0.06368709
0.06596375
0.06320405
0.06727290
0.07510567
0.06922150
0.06694221
0.06882524
0.07084775
0.07160640
0.07472920
0.06779099
0.06898546
0.06536102
0.06990385
0.07139826
0.06871772
0.06582093
0.06680012
0.06597328
0.06654000
0.07193923
0.06573319
0.06730366
0.06662297
0.06844234
0.06967402
0.06973314
0.06817937
0.07195330
0.06968760
0.07183075
0.06739831
0.06560230
0.06440425
0.06530714
0.06987333
0.07044983
0.06629539
0.06147480
0.06477308
0.07328033
0.07003951
0.06655288
0.06683373
0.06564641
0.07135201
0.07017040
0.07226753
0.06578946
0.06191516
0.06650543
0.06719279
0.07126546
0.10537958
0.07753086
0.07875967
0.08032608
0.08239198
0.08047915
0.08063912
0.08191538
0.07859182
0.08000660
0.06331205
0.06308722
0.06661749
0.06835485
0.06788635
0.06804919
0.06481433
0.06563473
0.06476617
0.06719756
0.07108164
0.06649232
0.06909442
0.06791306
0.07538700
0.07260156
0.06788659
0.06565666
0.06804657
0.06708384
0.06741905
0.06910491
0.06254172
0.06387687
0.06661201
0.06807327
0.06708503
0.06793356
0.06593394
0.06756067
0.06581807
0.06813288
0.07112432
0.06775045
0.07520986
0.06683993
0.06568956
0.06839895
0.06774569
0.06913018
0.06706905
0.06914115
0.06688952
0.06613398
0.06428814
0.06556535
0.06178236
0.06200194
0.06555605
0.06679130
0.06418204
0.06360984
0.06516933
0.06412673
0.06588578
0.06766319
0.06254959
0.06455016
0.06861281
0.07186699
0.06900644
0.06987786
0.06686306
0.06957245
0.06706834
0.07381511
0.06847787
0.06650496
0.06180644
0.06618690
0.06803989
0.07135463
0.06313014
0.06283784
0.07438731
0.06721926
0.06608653
0.06449318
0.06739783
0.07038164
0.06479907
0.06847095
0.06830931
0.06353450
0.06420588
0.06766200
0.06762838
0.07162356
0.07070279
0.06622148
0.06732607
0.06458259
0.06875777
0.06768417
0.06723595
0.06700754
0.06574941
0.06633997
0.06674790
0.06620717
0.06784844
0.06416345
0.06580400
0.06409192
0.06327915
0.06321144
0.06344247
0.06467438
0.06242847
0.06267023
0.06432080
0.06072283
0.06091833
0.06103349
0.06239605
0.06427336
0.06549454
0.06136608
0.06193185
0.06621337
0.06367087
0.06547141
0.06838393
0.06195831
0.06578374
0.06407905
0.06587124
0.06630039
0.07028198
0.06566405
0.06471205
0.06460690
0.06680012
0.07091451
0.06626630
0.06473804
0.06936908
0.06483984
0.06496763
0.07085347
0.07252789
0.06426287
0.06456447
0.06813955
0.06800890
0.06659508
0.06618404
0.06466913
0.06432652
0.08811450
0.07006454
0.06453967
0.06395650
0.06560922
0.06906629
0.06611061
0.06511760
0.07755160
0.08501863
0.06693149
0.06726336
0.06686640
0.06354332
0.06494117
0.06465387
0.06512451
0.06712651
0.06340051
0.06312871
0.06352401
0.06397653
0.06457853
0.06610131
0.06089664
0.06205678
0.06274676
0.06509757
0.06308913
0.06352735
0.06299806
0.06414819
0.06457233
0.06603837
0.06753874
0.06555319
0.05979943
0.05888367
0.06018829
0.06546760
0.06753278
0.06515431
0.06474662
0.06407094
0.06544662
0.06745243
0.06357002
0.06497717
0.06318736
0.06098795
0.06335258
0.06237650
0.06471872
0.06117654
0.06126618
0.06004429
0.06319952
0.06504178
0.06346846
0.06273556
0.06130028
0.06352448
0.06187248
0.06286883
0.06475043
0.06934214
0.06171751
0.06093645
0.06362200
0.06526470
0.06716228
0.06307316
0.06180096
0.06212878
0.06499243
0.06239700
0.06308627
0.05942655
0.06153703
0.06142306
0.06378818
0.06513119
0.06163597
0.06064463
0.05996799
0.05943251
0.06336951
0.06418943
0.06051970
0.06159759
0.06367660
0.06658196
0.06571579
