0.02362251
0.06734538
0.06652927
0.06615782
0.06722665
0.06402969
0.06809354
0.06609964
0.06504250
0.06909442
0.06376386
0.06547570
0.06536698
0.06457758
0.06527138
0.06668520
0.06235194
0.06317306
0.06139660
0.06214666
0.06536460
0.06307006
0.06108165
0.06241751
0.06166720
0.06417346
0.06116676
0.05927444
0.06084538
0.05943274
0.06258368
0.06244016
0.06430912
0.06443596
0.06246591
0.06214499
0.06093764
0.06193519
0.06572270
0.06562901
0.06325960
0.06147075
0.06353402
0.06571054
0.06419516
0.06001139
0.06155276
0.05974746
0.05832458
0.06373167
0.06475830
0.06469512
0.06283164
0.06448340
0.06389546
0.06668735
0.07275987
0.06426382
0.06390738
0.07355714
0.06843781
0.06845284
0.11189699
0.07791543
0.07627439
0.07580876
0.07620597
0.07876444
0.07638717
0.07546258
0.06292915
0.06363654
0.05993199
0.07557940
0.06522846
0.06336117
0.06879783
0.07467175
0.06424904
0.06381941
0.06610584
0.06527877
0.06624866
0.06391883
0.06356645
0.06320310
0.06556511
0.06477976
0.06420827
0.06186080
0.06113172
0.06364155
0.06266785
0.06388116
0.06296372
0.06331515
0.06522346
0.06320977
0.06351852
0.06344151
0.06068087
0.06040382
0.06213808
0.06341743
0.06248832
0.06512022
0.06413651
0.06431150
0.06460619
0.06730843
0.06584978
0.06627941
0.06844354
0.06529713
0.06560421
0.06847596
0.06323886
0.06567311
0.06274700
0.06650853
0.06247830
0.06244159
0.06615305
0.11025095
0.07665849
0.07642627
0.07668328
0.08251524
0.07886767
0.06391311
0.06282330
0.06106448
0.06227899
0.06698871
0.06604218
0.06463838
0.06488466
0.06745791
0.07823539
0.07694912
