0.02336478
0.06875801
0.06434536
0.06498051
0.06558180
0.07073689
0.06315851
0.06215978
0.06336808
0.06367207
0.06817746
0.06497288
0.06367660
0.06247044
0.06491971
0.06358647
0.06306815
0.06398392
0.06277895
0.06381583
0.06532979
0.06423521
0.06575966
0.06206679
0.06062293
0.05992413
0.06109047
0.06233048
0.06146240
0.06264305
0.06460285
0.06273031
0.06433892
0.06345534
0.06407118
0.06321883
0.06416535
0.06634521
0.06169677
0.06185007
0.06068277
0.06138992
0.06192780
0.06147790
0.06540155
0.06659102
0.05954432
0.06120253
0.06331706
0.06472397
0.06625652
0.06523609
0.06376028
0.06335497
0.06167912
0.06283045
0.06506705
0.06036544
0.06038427
0.06613088
0.06248164
0.06361103
0.06777930
0.06319404
0.06009603
0.06327152
0.06520081
0.06490612
0.06425786
0.06217766
0.06328154
0.06112838
0.06250167
0.07843113
0.06609678
0.06374383
0.06415772
0.06122875
0.06118274
0.06268382
0.06402206
0.06489182
0.06447506
0.06393862
0.06484842
0.06329226
0.06334734
0.06344032
0.06086707
0.06097102
0.06156325
0.06140590
0.05824041
0.06384206
0.05983424
0.06077909
0.06286311
0.06467748
0.06346846
0.06099272
0.05966163
0.06301928
0.06120563
0.06151986
0.06160617
0.06067514
0.06288910
0.06257915
0.06417871
0.06105232
0.06089568
0.06119657
0.06111360
0.06352830
0.06709313
0.06334448
0.06259298
0.06223392
0.06111550
0.06166267
