0.02737498
0.07095075
0.07126379
0.07145834
0.07341075
0.07085681
0.07177877
0.07047319
0.07036209
0.07297730
0.07211113
0.07378364
0.07166147
0.07111382
0.07346702
0.07343364
0.07307243
0.07091022
0.07050157
0.07150960
0.07326770
0.07258034
0.07393384
0.07241988
0.07162976
0.07396722
0.07374239
0.07380629
0.07296801
0.07286072
0.07423401
0.07944942
0.07349205
0.08274317
0.07327962
0.07292366
0.07538605
0.06820202
0.06723356
0.07022023
0.07222486
0.07279754
0.07352328
0.07402492
0.07326984
0.07168293
0.07634139
0.07466793
0.07090449
0.07061529
0.07262897
0.07579732
0.07532024
0.06779408
0.07081270
0.07308912
0.07657409
0.07481742
0.06934261
0.06799817
0.06958199
0.07183313
0.07083464
0.06812739
0.07046056
0.07093930
0.07246161
0.07770967
0.07476187
0.06880903
0.07503295
0.07476401
0.08479786
0.07588148
0.07129931
0.06875658
0.07607484
0.07515931
0.07125449
0.07257652
0.07050109
0.06877494
0.07082701
0.07110381
0.07034993
0.06989646
0.07005692
0.07554197
0.07635188
0.07028747
0.06841993
0.07142162
0.07118773
0.07292581
0.07466483
0.07183647
0.07157803
0.07223678
0.07716680
0.08120966
0.07439637
0.07422757
0.07436633
0.07581687
0.07703352
0.07156205
0.07580161
0.07282877
0.07395887
0.08030105
0.07720709
0.07374048
0.07446384
0.07405734
0.07430100
0.07348919
0.07460999
0.07244635
0.07784891
0.07327342
0.07424045
0.07063818
0.07040763
0.07543659
0.08054209
0.07650709
0.07209539
0.07237220
0.07181001
0.07359242
0.07015657
0.06738734
0.07107830
0.07244444
0.07349300
0.07208133
0.06832600
0.06875300
0.06888342
0.07205391
0.07283139
0.07066441
0.06826591
0.06959796
0.07293582
0.07381248
0.07207394
0.06733012
0.06726003
0.07106686
0.07081223
0.07146168
0.06945491
0.06935358
0.07183981
0.07366419
0.07195616
0.06819224
0.06634116
0.06887126
0.07111216
0.07153988
0.07281542
0.06744504
0.06981254
0.07347822
0.07401824
0.07315731
0.06977344
0.07178330
0.07180762
0.06983495
0.07068467
0.07193255
0.06903124
0.07264471
0.07106376
0.07006407
0.08345127
0.06936336
0.07043695
0.07112241
0.06960344
0.07189536
0.06995082
0.06774998
0.06790257
0.07044673
0.06766582
0.07026577
0.06670523
0.06684613
0.06658006
0.07010293
0.06892538
0.06907558
0.07023716
0.06831765
0.06935430
0.07533669
0.06816387
0.06696177
0.06809139
0.07022548
0.07150006
0.07163429
0.06745076
0.06753802
0.06806302
0.06934214
0.07256246
0.06836486
0.07164836
0.06874156
0.06802988
0.07171154
0.06874204
0.06674314
0.06675196
0.07144785
0.07063174
0.07151246
0.06836939
0.06968474
0.06981134
0.07053947
0.06911421
0.07163906
0.07119966
0.06845021
0.06705689
0.06948972
0.07213855
0.06876588
0.06811023
0.06837296
0.07228470
0.07492495
0.07135987
0.06856918
0.06842303
0.07007670
0.07074428
0.07272029
0.07038569
0.06660414
0.06621289
0.07075429
0.07299781
0.07097101
0.06996393
0.07040477
0.07046270
0.07357550
0.07147837
0.06993628
0.07047558
0.07041907
0.07034993
0.10591269
0.08671379
0.08576727
0.08545184
0.08780742
0.07909942
0.06850982
0.07216787
0.07336664
0.07540870
0.07503533
0.06915331
0.06871724
0.06916428
0.07094049
0.07336903
0.06849527
0.06799197
0.07053232
0.07040024
0.07161236
0.07121015
0.06941009
0.07187295
0.07092714
0.07202816
0.07339287
0.06990671
0.07039905
0.07013726
0.07255936
0.07211161
0.06844282
0.06877780
0.06933284
0.06960344
0.06955266
0.07000041
0.06915116
0.06896973
0.07044268
0.07505202
0.07317924
0.07132983
0.07070351
0.07269549
0.07550097
0.07528305
0.06904292
0.06744051
0.07265472
0.07508326
0.07286525
0.06980610
0.07070255
0.07200170
0.06900930
0.07093596
0.07056808
0.06867743
0.06786346
0.07073379
0.07338810
0.06937790
0.06820536
0.06778908
0.06770968
0.07066679
0.07126784
0.07310605
0.06694818
0.06884503
0.07030606
0.07130456
0.07073164
0.06919932
0.06870604
0.06991386
0.07312965
0.07121086
0.07144189
0.06867504
0.06997395
0.07190347
0.06934667
0.06958318
0.06941366
0.07132196
