0.02216363
0.06984758
0.07132506
0.07075930
0.06632805
0.06797481
0.06503558
0.06799722
0.06786132
0.06857300
0.06430888
0.06731772
0.06334591
0.06512856
0.06663513
0.06524825
0.06481051
0.06641793
0.06824541
0.06528783
0.06663823
0.06806636
0.06729269
0.07020617
0.06758571
0.06506705
0.06382108
0.06296706
0.06282401
0.06271148
0.06616330
0.06520772
0.06264138
0.06322193
0.06264091
0.06789398
0.06762862
0.06707788
0.06480169
0.06325555
0.06576943
0.06561589
0.06943703
0.06852484
0.06456280
0.06527162
0.06637764
0.06786227
0.06600308
0.06243944
0.06194282
0.06250787
0.06392956
0.06434202
0.06634474
0.06229639
0.06477380
0.06753206
0.06517458
0.06584430
0.06620693
0.06563497
0.06341577
0.06450820
0.06981945
0.06942582
0.06216741
0.06538153
0.06500864
0.06633520
0.06825566
0.06552863
0.06346607
0.06687760
0.06632757
0.06715250
0.06983399
0.06760883
0.06260371
0.06635213
0.06477404
0.06914330
0.06921411
0.06645823
0.06703663
0.06669140
0.06717277
0.06745195
0.06909943
0.06753969
0.06520319
0.06237483
0.06677866
0.06957626
0.11926174
0.08399320
0.08392310
0.08360720
0.08067250
0.08262682
0.08182120
0.07003903
0.06756449
0.06750536
0.06750870
0.06481957
0.06394219
0.07012320
0.06814075
0.06617427
0.06564307
0.06670952
0.06729007
0.06728077
0.06815195
0.06593895
0.06703115
0.06689000
0.06754041
0.06714153
0.06827521
0.06729174
0.06793523
0.06691647
0.06591153
0.06486487
0.06402659
0.06721997
0.06649637
0.06456518
0.06468296
0.06778026
0.06504202
0.06692338
0.06753325
0.06912160
0.06833100
0.06509471
0.06549811
0.06457877
0.06490827
0.06522131
0.06383157
0.06444669
0.06823087
0.06683135
0.06859970
0.06661248
0.06458092
0.06277108
