0.02239299
0.07300663
0.06993866
0.06590438
0.06380916
0.06697440
0.06758523
0.06740928
0.06356192
0.06224608
0.06377697
0.06640410
0.06881809
0.06704521
0.06560373
0.06310272
0.06240296
0.06550789
0.06688070
0.06522942
0.06291652
0.06325078
0.06852961
0.06594324
0.06731606
0.06797457
0.06582284
0.06584930
0.06357145
0.06534100
0.06575656
0.06361318
0.06372786
0.06697869
0.06537652
0.06504536
0.06568289
0.06206965
0.06717873
0.06462955
0.06544995
0.06396246
0.06498098
0.06209922
0.06136513
0.06421542
0.06383657
0.06485486
0.06916070
0.06471515
0.06505442
0.06405783
0.06472158
0.06572938
0.06442547
0.06609797
0.06311250
0.06391859
0.07051229
0.06613827
0.06352854
0.06366086
0.06342244
0.06797194
0.06647658
0.06489158
0.06427312
0.06571221
0.06424737
0.07604837
0.07084608
0.06770611
0.06872249
0.06972337
0.07321167
0.06530380
0.06456590
0.06330371
0.06384945
0.06398273
0.06612825
0.06891346
0.06467891
0.06628442
0.06845856
0.06782317
0.06516933
0.06744289
0.06839132
0.06562257
0.06550002
0.06690121
0.06737089
0.06535339
0.06933188
0.06592774
0.06532383
0.06769967
0.06799984
0.06639791
0.06347203
0.06304646
0.06758356
0.06574702
0.07218218
0.06592941
0.06576514
0.06495333
0.06961870
0.06906819
0.06864572
0.06812453
0.06767607
0.06450915
0.06783819
0.06745481
0.06548834
0.06444836
0.06635642
0.06677985
0.07085490
0.06812882
0.06464291
0.06352830
0.06831360
0.07187223
0.06775951
0.06625581
0.06649971
0.06699562
0.06532598
0.06614351
0.06371260
0.06349301
0.06485462
0.06394315
0.06550312
0.06937051
0.06289029
0.06241608
0.06322575
0.06573176
0.07202792
0.07285666
0.06845713
0.06917548
0.06828308
0.06804705
0.06896687
0.06858110
0.06979799
0.07320309
0.06752849
0.07118559
0.06717038
0.06597185
0.06574297
0.06936598
0.06903982
0.07048869
0.11676979
0.08161497
0.08328152
0.08490396
0.08274508
0.08521652
0.07061148
0.06931853
0.07260990
0.06750584
0.06680560
0.06794143
0.06833982
0.07086825
0.07138133
0.06835747
0.07311296
0.06879425
0.06989312
0.08083534
0.06762242
0.06650209
0.06991243
0.07243681
0.07122231
0.06678581
0.06554937
0.06694889
0.06824803
0.06956434
0.07211733
0.06534576
0.06532359
0.06463647
0.06952500
0.07035851
0.06857824
0.06420684
0.06446433
0.06622887
0.07222867
0.07250977
0.06547642
0.06882882
0.06732011
0.06389475
0.06631017
0.06685090
0.06368613
0.06655335
0.06320882
0.06746054
0.06784177
0.06787896
0.06945395
0.06690860
0.06790161
0.06687975
0.07017732
0.06695008
0.06583953
0.06535125
0.06732750
0.06857467
0.06632853
