0.02326131
0.06215501
0.06339812
0.05910063
0.05766916
0.05722308
0.06018186
0.05978680
0.06202483
0.06078744
0.05793953
0.05742478
0.05838442
0.06094694
0.06302047
0.05951405
0.05745077
0.06025958
0.06009388
0.05896068
0.05913401
0.05947590
0.05543780
0.05705571
0.05813289
0.05905247
0.06388569
0.06272364
0.05800939
0.05774331
0.05922914
0.06132770
0.06034231
0.05808640
0.05995679
0.06064200
0.05855560
0.05818272
0.06084180
0.06007957
0.05876493
0.06015944
0.05884671
0.06041527
0.06244922
0.06140137
0.05901670
0.05732441
0.05815721
0.06016898
0.06197977
0.06105042
0.05900335
0.05906034
0.05962539
0.05746174
0.06081676
0.06068110
0.05634308
0.05744004
0.05644894
0.05911493
0.06008792
0.05822134
0.06007123
0.05746460
0.05670476
0.05694318
0.05883861
0.06067109
0.06195807
0.05937338
0.05727339
0.06098700
0.05976915
0.06357646
0.06284714
0.06259990
0.06320548
0.06343603
0.06037045
0.06105828
0.06011963
0.06054759
0.06070256
0.06194353
0.06210494
0.07104254
0.05980349
0.05936718
0.05966115
0.05937123
0.06019449
0.05964565
0.05811191
0.06007171
0.06126213
0.08326578
0.06053042
0.06175470
0.05888367
0.05917358
0.05944014
0.05871129
0.06034040
0.06158328
0.06102252
0.06080580
0.06017351
0.06273365
0.06050158
0.06062388
0.05729628
0.06045103
0.06009078
0.05916286
0.06291866
0.06093574
0.05877829
0.05864954
0.05830073
0.06010151
0.05997872
0.06326890
0.06030178
0.05886793
0.05886936
0.06069541
0.06082630
0.06007361
0.05844021
0.06027436
0.05892611
0.05954957
0.05993986
0.06076646
0.05930018
0.06095290
0.06007099
0.05979514
0.06381249
0.06124330
0.05922699
0.05920386
0.06050348
0.05906796
0.06134272
0.06186914
0.06307697
0.06045175
0.05839300
0.05957890
0.05950618
0.05776525
0.05608869
0.05914497
0.05821729
0.05863214
0.05852222
0.05899549
0.05779386
0.05723953
0.05652833
0.05934143
0.06047916
0.06085968
0.06429601
0.06070065
0.06089115
0.05877709
0.06189704
0.06311464
0.05973482
0.06058812
0.05983019
0.06040454
0.05979896
0.05931282
0.05633855
0.05641890
0.05706286
0.05823827
0.05950499
0.06124854
0.06194663
0.05978131
0.06211495
0.06004143
0.06113887
0.06493664
0.06094837
0.06001568
0.06428981
0.05852818
0.05726862
0.05746889
0.05592561
0.05568290
0.05692077
0.05647635
0.05864167
0.06078768
0.05802321
0.05595684
0.05913424
0.05594063
0.06189108
0.06119752
0.05859065
0.05772734
0.05758762
0.05972362
0.06213307
0.06053066
0.06020498
0.05941105
0.06064415
0.06013536
0.05706811
0.05966353
0.05936098
0.05772448
0.05687141
0.05565023
0.05706835
0.06087494
0.05926919
0.05674148
0.05900931
0.05921698
0.05746460
0.05760860
0.06133962
0.05894637
0.05894446
0.05984998
0.06090260
0.06405878
0.06128883
0.05800891
0.05998683
0.05869889
0.05798721
0.05912590
0.06051183
0.05568004
0.05691767
0.05985785
0.05986404
0.05936003
0.05693817
0.05941939
0.05890703
0.05917406
0.06023002
0.06149530
0.05781150
0.05518389
0.05624795
0.05668235
0.05748653
0.05857706
0.06012154
0.05650854
0.06184626
0.06018186
0.06047726
0.05960226
0.06022048
0.05567646
0.05737972
0.05890512
0.05945468
0.06070185
0.06058931
0.05696964
0.05747318
0.05675030
0.05846739
0.06088662
0.06433439
0.06168365
0.05952668
0.05993867
0.06190491
0.06261778
0.06243396
0.06313705
0.06522369
0.06582952
0.06441903
0.06360626
0.06443596
0.05913472
0.05736041
0.05646062
0.05758405
0.06276727
0.05918026
0.05886173
0.05564117
0.05602503
0.06146479
0.06316733
0.05947399
0.05891323
0.05746865
0.05873585
0.06227231
0.06168580
0.06357479
0.06319165
0.06145358
0.06476951
0.06182480
0.06963563
0.06281137
0.06658983
0.06477022
0.07062387
0.06406760
0.07108545
0.06667256
0.06534123
0.06742239
0.08720136
0.12565804
0.08167982
0.07590151
0.07647181
0.07544351
0.07254076
0.07466412
0.07442641
0.06489706
0.06200814
0.06270266
0.06448746
0.06396246
0.06293464
0.06163406
0.06377673
0.06563807
0.07035518
0.07102752
0.06401324
0.06725359
0.06441450
0.06410885
0.06511354
0.06382275
0.06527019
0.06348109
0.06208491
0.06200242
0.06537533
0.06359601
0.06082606
0.06511235
0.06358671
0.10492659
0.07385659
0.07501197
0.07216454
0.07663584
0.07403374
0.08615637
0.06349325
0.06416512
0.06151938
0.06174326
0.06007814
0.06063867
0.06340861
0.06224132
0.06013083
0.06217837
0.06233573
0.06161737
0.06060886
0.06006980
0.06319690
0.06158161
0.06000376
0.06121445
0.06052589
0.06411767
0.06161904
0.05636263
0.06021786
0.05744028
0.06061935
0.06350470
0.05887365
0.05665874
0.05690122
0.05755019
0.05965805
0.06278849
0.05909491
0.05858827
0.05807567
0.05861020
0.06393409
0.06302571
0.05930233
0.06079960
0.05880213
0.06138635
0.06129670
0.06306386
0.05575228
0.06131959
0.06038833
0.05878568
0.06131339
0.06188631
0.06279135
0.05852938
0.06126046
0.06349349
0.07209682
0.06244349
0.06108093
0.06027007
0.05996299
0.06098866
0.06044364
0.06100583
0.05759048
0.05846453
0.05812263
0.06039357
0.05957747
0.05733275
0.05691814
0.05958581
0.05696201
0.05932546
0.06211090
0.05736756
0.05650783
0.05628800
0.05607963
0.06053853
0.06246400
0.06182218
0.05593657
0.05964112
0.05725932
0.05833268
0.06174970
0.06100464
0.05911255
0.05640221
0.05498242
0.05826902
0.06395817
0.06187820
0.05702806
0.05842209
0.05837274
0.05857706
0.06013465
0.06051660
0.06024146
0.05898738
0.05953383
0.05830956
0.05945373
0.06004739
0.05906343
0.05547261
0.05675101
0.05863476
0.06146145
0.06015420
0.05699444
0.05730486
0.05979109
0.06029820
0.06347704
0.05906653
0.05681610
0.05926752
0.05835986
0.06081986
0.06313992
0.06094003
0.06087255
0.05830455
0.05821776
0.06047225
0.06043458
0.05981255
0.05832577
0.05943036
0.06098604
0.06040049
0.06096053
0.05986547
0.05750585
0.06177449
0.05872273
0.06014323
0.05947781
0.05790615
0.05703807
0.05835819
0.05752563
0.06141210
0.06264663
0.06072021
0.06283617
0.06390309
0.06197000
0.06087279
0.06128573
0.06489635
0.06099343
0.06301594
0.06187797
0.05788732
0.06158948
0.06165552
0.05995727
0.05801487
0.06145692
0.06355715
0.06734800
0.06426406
0.06253910
0.07394385
0.06138825
0.07280421
0.06604505
0.06506348
