0.03076267
0.08392024
0.08202481
0.07736659
0.07925320
0.07988596
0.10331368
0.09585524
0.09331799
0.09261417
0.09385777
0.08131886
0.08041072
0.08120871
0.07995343
0.08054948
0.07980156
0.08013773
0.07885838
0.08463335
0.08157206
0.08105588
0.07989407
0.08023620
0.08013344
0.07883549
0.07745504
0.07818437
0.07696128
0.07640791
0.07842898
0.07699084
0.07955647
0.07521796
0.07596040
0.08296609
0.08170772
0.07553840
0.07472205
0.08007503
0.07855582
0.07909417
0.07802248
0.07971525
0.07777047
0.07913280
0.07973695
0.07687402
0.07673669
0.08342075
0.08600807
0.07798553
0.07938814
0.07969880
0.07814598
0.08041143
0.07674479
0.08086944
0.08020544
0.07804942
0.08095288
0.07829428
0.07874990
0.07487106
0.07822037
0.07701015
0.07714486
0.07676601
0.07803297
0.08029366
0.08510303
0.10798693
0.08107853
0.08090067
0.08286476
0.07811499
0.07609677
0.07556915
0.07890558
0.07734609
0.07641220
0.07429838
0.08181715
0.07605553
0.07839084
0.07657599
0.08203697
0.07674742
0.08328605
0.08964133
0.07667065
0.09317708
0.07819319
0.08225441
0.08074403
0.08187389
0.07921600
0.08227277
0.07841849
0.07747793
0.07572508
0.07687330
0.07943964
0.07912040
0.07741070
0.07555771
0.07662773
0.07834435
0.09768271
0.09453225
0.08129930
0.07900763
0.08061886
0.09254265
0.08196330
0.09001160
0.09090042
0.08138561
0.08185649
0.08121657
0.08056712
0.08325672
0.08031225
0.08243847
0.08099890
0.07998109
0.08057141
0.08159399
0.08336329
0.08185267
0.07969522
0.08248878
0.08379889
0.07767630
0.08133793
0.08135414
0.08081508
0.08092904
0.08041859
0.08006215
0.07907772
0.08505249
0.08130884
0.08207250
0.07745957
0.07999825
0.08529043
0.07961249
0.07725668
0.08365369
0.08090258
0.08371401
0.07953668
0.07962704
0.07963181
0.08385849
0.08481693
0.08128452
0.07866979
0.08522224
0.08024406
0.08081651
0.07956409
0.11940575
0.09723139
0.10104251
0.09667468
0.09528255
0.08782315
0.08202147
0.08143425
0.07939219
0.07973909
0.08180690
0.08078742
0.08025813
0.08058858
0.08135629
0.07977867
0.07932520
0.08706450
0.07819390
0.07960963
0.08159924
0.08418918
0.08008790
0.08448958
0.08106732
0.07985520
0.07988954
0.07758427
0.07823730
0.07911420
0.07978654
0.07979870
0.08089185
0.07885790
0.07987714
0.08176756
0.08269310
0.07957363
0.08107591
0.08031392
0.08136988
0.08784533
0.08155227
0.08078551
0.07953382
0.09051275
0.07908869
0.07955694
0.08011699
0.08207393
0.08374166
0.07981133
0.07952881
0.07898879
0.08799648
0.08113551
0.07719326
0.08371234
0.07932043
0.08180332
0.08054733
0.08196545
0.07843757
0.07991266
0.08219075
0.08131099
0.07947016
0.07930064
0.08200145
0.08519149
0.07894373
0.07961988
0.08298612
0.08432913
0.08560967
0.07854271
0.08851433
0.08338833
0.08192301
0.08052206
0.08679509
0.07678747
0.07675076
0.07973886
0.07898164
0.09212446
0.07983422
0.08316970
0.08231592
