0.02510834
0.07134891
0.07181311
0.06938601
0.06385612
0.06468153
0.06583667
0.07262254
0.06954455
0.06985903
0.06800890
0.06918550
0.06741929
0.06816888
0.06597805
0.06697702
0.06887388
0.06662393
0.06780672
0.06656671
0.06312966
0.06285858
0.06429124
0.06606579
0.06561351
0.06676030
0.06514263
0.06649351
0.06887126
0.06577158
0.06409502
0.06598020
0.06452632
0.06500912
0.06706262
0.06735826
0.06587768
0.06322360
0.06490612
0.06616163
0.06668830
0.06535316
0.06621456
0.06318688
0.06340981
0.06606174
0.06489325
0.06719637
0.06849051
0.06422663
0.06249595
0.06439781
0.06793475
0.06658959
0.06517577
0.06480169
0.06746387
0.06710029
0.06391454
0.06531048
0.06515551
0.06571698
0.06568122
0.06378555
0.06442666
0.06479430
0.06107283
0.06395888
0.06585312
0.06612563
0.06663656
0.06432462
0.06129622
0.06542754
0.06521416
0.06341743
0.07007527
0.06549215
0.06303215
0.06365824
0.06739402
0.06518960
0.06559038
0.06325722
0.06322074
0.06534863
0.06466079
0.06476307
0.06440926
0.06429172
0.06294560
0.06220365
0.06133008
0.06320095
0.06560540
0.06213188
0.06218195
0.06231809
0.06297898
0.06402802
0.06298542
0.06079793
0.06213975
0.06448603
0.06469750
0.06777048
0.06444430
0.06239653
0.06329083
0.06313181
0.06176472
0.06488323
0.06279182
0.06213307
0.05988407
0.06062436
0.06295419
0.06495237
0.06428528
0.06281924
0.06538963
0.06330299
0.06433225
0.06311369
0.06280470
0.06153250
0.06393123
0.07300043
0.06812668
0.06690121
0.06191373
0.06447673
0.06468940
0.06422544
0.06292701
0.06083488
0.06028938
0.06467485
0.06333208
0.06467557
0.06526637
0.06095171
0.06063557
0.06061935
0.06192207
0.06108022
0.06143188
0.06344604
0.06229877
0.06224728
0.06261230
0.06411886
0.06389427
0.06126571
0.06604433
0.06358814
0.06462359
0.06478286
0.06528544
0.06260204
0.06379437
0.06455994
0.06183743
0.06490397
0.06557465
0.06299472
0.06186891
0.06297922
0.06079960
0.06379199
0.06654263
0.06590700
0.06843162
0.06373739
0.06488943
0.08952022
0.07606292
0.07958126
0.07769227
0.07102418
0.06639910
0.06183624
0.06208849
0.06236124
0.06445432
0.06618333
0.06454587
0.06349802
0.06219673
0.06096625
0.06627941
0.06476212
0.06507683
0.06429696
0.06374955
0.06464744
0.06997418
0.06668186
0.06161380
0.06292462
0.06458902
0.06395721
0.06716871
0.07040358
0.06454182
0.06295013
0.06148577
0.06161761
0.06598783
0.06494093
0.06454158
0.06294703
0.06559277
0.06393576
0.06513333
0.06785131
0.06642962
0.06522989
0.06410122
0.06228089
0.06806374
0.06483316
0.06218410
0.06126285
0.06148076
0.06767797
0.06564903
0.06305265
0.06238580
0.06232810
0.06304049
0.06522226
0.06731129
0.06541252
0.06381989
0.06257534
0.06372070
0.06809926
0.06234217
0.06213999
0.06215739
0.06381440
0.06337380
0.06659508
0.06430459
0.06126666
0.06399632
0.06437778
0.06318188
0.06256104
0.06137133
0.06140065
0.06404209
0.06380486
0.06554174
0.06351185
0.05829000
0.06244826
0.06101799
0.06100512
0.06290913
0.06493258
0.06370139
0.06398916
0.06207848
0.06427097
0.06553841
0.06673193
0.06127286
0.06001019
0.06162453
0.06395769
0.06174564
0.06398416
0.06148434
0.06342268
0.06224418
0.06394267
0.06438231
0.06385636
0.06173730
0.06109810
0.06143951
0.06294370
0.06048775
0.06231022
0.05927896
0.05920315
0.06171489
0.06449151
0.06208467
0.06448698
0.06041980
0.06089377
0.06187582
0.06078267
0.06140995
0.06010818
0.05878949
0.06198215
0.06156659
0.06305075
0.06438494
0.06116128
0.06296802
0.06210065
0.06386137
0.06275725
0.06139016
0.06080484
0.06058550
0.06275749
0.06301069
0.06324506
0.05987763
0.05931759
0.06302691
0.06230783
0.06219530
0.06052065
0.06245375
0.06234503
0.06224298
0.06374502
0.06182170
0.06164646
0.06111717
0.05913162
0.05992317
0.06093693
0.06108999
0.06440115
0.06670761
0.06264043
0.06075907
0.06042027
0.05956769
0.06076670
0.06168008
0.05981803
0.06030297
0.06231809
0.06082535
0.05975270
0.06133270
0.05878520
0.05837727
0.05767846
0.05789804
0.06253147
0.06303549
0.06268191
0.06139755
0.06065416
0.06009126
0.06289506
0.06339192
0.06250525
0.06427360
0.06388521
0.06500769
0.06664443
0.06708002
0.06248999
0.06227732
0.06157446
0.06130028
0.06159616
0.05926752
0.05755544
0.05881977
0.05835485
0.06044817
0.06219745
0.06064963
0.06123185
0.06168127
0.05853009
0.06048155
0.06138968
0.06134653
0.06192660
0.05770850
0.06101966
0.06551766
0.07065797
0.06262088
0.05868435
0.05879998
0.06480026
0.05921841
0.06098318
0.06670523
0.06348324
0.06087279
0.05905843
0.06206322
0.06267309
0.06292558
0.06278062
0.06347656
0.06198502
0.06554437
0.06677699
0.06384587
0.05994678
0.05854464
0.06533313
0.06718683
0.06274056
0.06111002
0.06094837
0.05885482
0.06343460
0.06461358
0.06020236
0.05800557
0.05834270
0.05915475
0.05987382
0.06369019
0.06354237
0.06134772
0.05853534
0.05818653
0.05942631
0.06058669
0.06606841
0.05798411
0.05798125
0.05790567
0.06186986
0.06193161
0.06209016
0.06025672
0.06134987
0.06246185
0.05987597
0.05961418
0.06173038
0.05871606
0.05917215
0.06043935
0.05847979
0.06142282
0.06369233
0.05962372
0.06032300
0.05929494
0.06112933
0.06297708
0.06559086
0.06366229
0.05940580
0.06083775
0.06138396
0.06379461
0.06195092
0.06040049
0.06095934
0.06111813
0.06285453
0.06446004
0.06211114
0.05947518
0.06838846
0.05858326
0.06156826
0.06160283
0.06186628
0.06026793
