0.02890229
0.08345270
0.08271217
0.08636928
0.08131599
0.08004808
0.08062625
0.08273411
0.08258533
0.08133101
0.08122015
0.08080339
0.09428453
0.08512259
0.08091521
0.08005428
0.08232260
0.08456135
0.08343863
0.08210206
0.08075881
0.08389926
0.08535218
0.08295107
0.08182669
0.08193707
0.08369780
0.08401608
0.08086967
0.08133626
0.08163810
0.08237457
0.08214831
0.08073330
0.09098291
0.08207631
0.08511782
0.07973814
0.07645011
0.08008575
0.07997775
0.08037686
0.07913685
0.07870770
0.08381343
0.08005381
0.08064318
0.07818580
0.07854033
0.08055997
0.08078504
0.08125281
0.08719850
0.07704329
0.07753134
0.07802916
0.08247566
0.07981825
0.08064127
0.08019662
0.07988000
0.08117843
0.07821894
0.07856202
0.07785845
0.08253717
0.08050299
0.07741261
0.07811952
0.08019233
0.08056211
