0.02406931
0.06613398
0.07097173
0.06549263
0.07073164
0.06753659
0.06677723
0.06581736
0.06516743
0.06568599
0.06661987
0.06557083
0.06464171
0.06635284
0.06579542
0.06532288
0.07030249
0.06374264
0.06539464
0.06573892
0.06853580
0.06842875
0.06876540
0.06540036
0.06640267
0.06680655
0.06796646
0.07334924
0.06711173
0.06689930
0.06635451
0.06743598
0.06572461
0.06736803
0.06654286
0.06505275
0.06747842
0.07229805
0.06569195
0.06582046
0.06421137
0.06659436
0.06702423
0.07009935
0.07305980
0.06639242
0.06924224
0.06586647
0.06690407
0.06950808
0.06735420
0.06952095
0.06610513
0.06721449
0.06712127
0.06975937
0.06401563
0.06538677
0.06514907
0.06740355
0.06892300
0.06429505
0.06480169
0.06531358
0.06522369
0.06869483
0.06468630
0.06478524
0.06498671
0.06475544
0.06389213
0.06967115
0.09904575
0.07943320
0.07956648
0.09556437
0.07996583
0.07794380
0.06949902
0.06443524
0.06845093
0.06718373
0.06406379
0.06576705
0.06535840
0.06438088
0.06572580
0.06638908
0.06548357
0.06628013
0.06445169
0.06545615
0.06761956
0.06768894
0.06534576
0.06714463
0.06468058
0.06672239
0.06843829
0.07143116
0.06578064
0.06590939
0.06461263
0.06536913
0.06452870
0.06644607
0.06419396
0.06369925
0.06572342
0.07050967
0.07675314
0.06452441
0.06495905
0.06595302
0.06592989
0.06515908
0.06626272
0.06411409
0.06657052
0.06926322
0.06676912
0.06749582
0.06646514
0.07340455
0.06543803
0.06783247
0.06590986
0.06732178
0.06551504
0.06536841
0.06592655
0.06654358
0.06696796
0.06761289
0.06683278
0.06559491
0.06717944
0.06761289
0.06856871
0.06931710
0.06721640
0.06579828
0.06487155
0.06635547
0.06688309
0.06593394
0.06469512
0.06512427
0.06682420
0.06546569
0.06564879
0.06557798
0.06467390
0.06518888
0.06618285
0.06573391
0.06526375
0.06500840
0.06521058
0.06664562
0.06659365
0.06605148
0.06604409
0.06599331
0.06947947
0.06510735
0.06559443
0.07417035
0.06548214
0.07189441
0.06783509
0.06670809
0.06614041
0.06728482
0.06449318
0.06511307
0.06557798
0.06445432
0.06393266
0.06119323
0.06454921
0.06913066
0.06494188
0.06533194
0.06418467
0.06440187
0.06607962
0.06537294
0.06533098
0.06468391
0.06514931
0.06540489
0.06905413
0.06887817
0.06600547
0.06675243
0.06708837
0.07804060
0.06718349
0.06508875
0.06451154
0.06401849
0.06430006
0.06696343
0.06913614
0.06619167
0.06557393
0.06367111
0.06427836
0.06593084
0.06795287
0.06401014
0.06689835
0.06443095
0.06587029
