0.02194619
0.06462526
0.06341362
0.06145978
0.05920768
0.05876875
0.06103563
0.06343126
0.06181383
0.06145620
0.05997348
0.05703330
0.05910325
0.05936623
0.06151986
0.06236482
0.06188393
0.06070709
0.05939531
0.06351185
0.05824876
0.05821347
0.05732965
0.05932665
0.06228113
0.06252480
0.06183720
0.05979109
0.05947614
0.05957460
0.05899405
0.06192899
0.05624342
0.05666709
0.05942702
0.05843759
0.06101465
0.06558084
0.06056547
0.05880499
0.06152701
0.06083727
0.06488466
0.06494474
0.05942822
0.05804920
0.05711722
0.06112146
0.06247663
0.06046581
0.05914640
0.06084013
0.06064820
0.06256008
0.06383061
0.06151056
0.05899978
0.07145739
0.06086850
0.06364942
0.06149483
0.05911541
0.05729389
0.05850768
0.06146264
0.06153321
0.06248569
0.06076574
0.05887008
0.05849457
0.06204820
0.06372261
0.06283975
0.05901361
0.05776811
0.05922294
0.05731153
0.05994153
0.06092501
0.05879807
0.05894041
0.05716968
0.05953217
0.06023884
0.06177711
0.06218958
0.06078267
0.06163359
0.05991840
0.06148505
0.06080413
0.05966139
0.05817485
0.05731750
0.05905294
0.05866885
0.06272554
0.06439590
0.05962038
0.05732203
0.05728674
0.05852914
0.06052184
0.05874705
0.05694127
0.06469274
0.06141973
0.06208968
0.06097102
0.05980659
0.05943847
0.06166744
0.06110525
0.05981922
0.06060123
0.05882645
0.06190872
0.06073380
0.06192088
0.06035495
0.06191230
0.06121683
0.06144524
0.06109786
0.11220241
0.07636905
0.07568502
0.07564569
0.07468843
0.07434511
0.07298350
0.06333971
0.06087518
0.06017351
0.05964541
0.05826283
0.06158638
0.05823255
0.05785894
0.06135583
0.06005883
0.05868030
0.05979419
0.06010985
0.06055403
0.06035948
0.05991745
0.06347704
0.06535077
0.06187582
0.06324959
0.06295204
0.06331086
0.06426692
0.06315970
0.06312919
0.06285739
0.06404185
0.06016541
0.06136799
0.06318021
0.06296039
0.06284690
0.06282091
0.06323814
0.06214285
0.06178856
0.06108880
0.06186795
0.06165791
0.06586409
0.06625247
0.06333756
0.06486440
0.06427455
0.06426811
0.06211352
0.06187654
0.06178761
0.06188703
0.06084633
0.06133223
0.06253958
0.06254554
0.06243253
0.06395936
0.06280017
0.06316519
0.06201959
0.06125569
0.06085634
0.06382513
0.05976200
0.06031632
0.06229973
0.06266308
0.06102633
0.06085324
0.05999088
0.06196833
0.06378961
0.06242609
0.06132698
0.06276941
0.06395841
0.06385875
0.06154752
0.06602812
0.06481624
0.06390429
0.06322527
0.06277609
0.06493855
0.06145406
0.06347322
0.06276870
0.06248641
0.06119823
0.06437731
0.05981231
0.06931615
0.06457114
0.06270695
0.06347752
0.06428170
0.06508136
0.06091738
0.06062841
0.06171370
0.06099987
0.06161904
0.05949140
0.05946875
0.06264424
0.06178808
0.06083703
0.06079507
0.05958343
0.06052446
0.06153011
0.06045842
0.06117415
0.06354594
0.06052589
0.05957556
0.05779719
0.06111741
0.06226611
0.06459069
0.06325412
0.06374741
0.06239438
0.06262326
0.06404638
0.06365776
0.06294394
0.06155109
0.06200433
0.06309462
0.06529474
0.06294274
0.06147242
0.06148148
0.06157184
0.06367755
0.07821584
0.07367897
0.07409596
0.07368827
0.06371164
0.06468391
0.06156158
0.06139064
0.06125665
0.06311059
0.06421256
0.06521344
0.06759143
0.06301928
0.06286192
0.06418419
0.07136321
0.06334901
0.06286669
0.06269002
0.06399989
0.07012844
0.06807113
0.06347036
0.06376696
0.06379724
0.07514453
0.06526041
0.06382704
0.06376433
0.07045269
0.06493425
0.06537557
0.06487536
0.06409574
0.07085872
0.06649184
0.06415129
0.06398320
0.06695437
0.06516862
0.06620741
0.06548452
0.06359529
0.07996464
0.06475997
0.06434226
0.06646132
0.06514716
0.07020307
0.06529021
0.06285381
0.06984258
0.08048630
0.06464028
0.06655169
0.06440377
0.07504368
0.06603527
0.07330227
0.06534791
0.06396103
0.06434941
0.06475544
0.07748508
0.06450152
0.06487775
0.06371665
0.06320238
0.06822968
0.06537890
0.06540656
0.06418872
0.06366396
0.06879807
0.06389832
0.06524754
0.06330037
0.06364441
0.06415820
0.07322741
0.06372190
0.06423807
0.06403756
0.06399560
0.06456780
0.06379461
0.06921697
0.06455159
0.06342459
0.06837463
0.06537962
0.06574655
0.06486416
0.06372738
0.07826781
0.06338716
0.06516576
0.06798387
0.07091594
0.06509233
0.06599450
0.06454062
0.06541562
0.06485152
0.06482530
0.06351423
0.06323361
0.06475687
0.06416130
0.06420398
0.06533408
0.06477118
0.06516290
0.06485724
0.07715845
0.06525874
0.06409407
0.06242442
0.06520295
0.06805730
0.06392288
0.06162333
0.07171702
0.06338811
0.06694508
0.06591511
0.06661105
0.06174231
0.06423426
0.06638050
0.06502438
0.06742144
0.06370425
0.06369638
0.06228232
0.06297350
0.06384754
0.06542492
0.06371951
0.06648684
0.06484890
0.06446171
0.06473804
0.06313825
0.06309891
0.06306005
0.06447887
0.06426573
0.06366110
0.06555963
0.06319356
0.06375027
0.06535459
0.06595373
0.06379247
0.06281495
0.06338668
0.06413817
0.06531262
0.07384610
0.06412506
0.06196308
0.06277394
0.06315064
0.06457520
0.07115936
0.06252623
0.06275392
0.06243730
0.06409001
0.06911731
0.06398082
0.06329536
0.06335020
0.06369853
0.09174013
0.07660723
0.07750416
0.07481122
0.07763743
0.07781696
0.06762004
0.06535149
0.06383777
0.06301379
0.06469607
0.08204699
0.07779408
0.07792354
0.07694435
0.07621574
0.07660723
0.07016754
0.06573009
0.06296349
0.06657767
0.06497645
0.06351495
0.06573415
0.06433439
0.06487870
0.06564093
0.07128811
0.06339121
0.06349444
0.06341314
0.06369114
0.06501555
0.06386280
0.06492519
0.06371284
0.06316137
0.06431150
0.06447887
0.06367087
0.07858205
0.06352711
0.06728053
0.06590271
0.07541513
0.06287003
0.06232858
0.06339908
0.06464171
0.06566453
0.06460023
0.06345701
0.06365490
0.06495786
0.06382346
0.06364655
0.06227493
0.06785893
0.06273985
0.06584263
0.06568432
0.06464839
0.06359243
0.06341648
0.06422567
0.06703091
0.11280036
0.07604051
0.07559872
0.08015466
0.07888365
0.07742429
0.07647777
0.06787777
0.06514812
0.06639504
0.06613994
0.06376004
0.06293488
0.06377578
0.10755372
0.07654977
0.07523537
0.07519174
0.07579279
0.07630992
0.08020067
0.06339359
0.06361532
0.06472921
0.06416750
0.06514812
0.06397462
0.06395483
0.06498814
0.06563759
0.06513071
0.06394863
0.06432080
0.06420898
0.11041474
0.07630587
0.07428861
0.07439113
0.11112690
0.07734752
0.07864594
0.07692409
0.07804203
0.07695293
0.07920146
0.06473374
0.06491089
0.06369829
0.06340981
0.06549263
0.06513739
0.06516552
0.06325555
0.06348491
0.06701970
0.06419587
0.06389523
0.06108642
0.06004286
0.05925775
0.06177330
0.06199241
0.05978179
0.05885291
0.05980206
0.06318760
0.06221962
0.06463003
0.06188607
0.06049466
0.05883384
0.06104398
0.06428123
0.06506634
0.06113744
0.05899382
0.06071019
0.06254387
0.06086230
0.06159925
0.05980062
0.06109834
0.06095505
0.06241441
0.06420541
0.06335568
0.06446958
0.06420875
0.06428385
0.06362939
0.06482315
0.06909513
0.06486821
0.06474090
0.06268716
0.06117725
0.06595707
0.06381106
0.06326532
0.06381798
0.06210613
0.06275868
0.06354976
0.06154442
0.06235743
0.06252313
0.06289911
0.06548762
0.06568336
0.06159234
0.06023717
0.06078291
0.06305289
0.06310844
0.06387401
0.06278324
0.06345415
0.06112814
0.06258321
0.06471992
0.06779027
0.05997920
0.06221080
0.06185770
0.06224227
0.06507349
0.06678319
0.06426024
0.06363058
0.07039833
0.06475925
0.06604457
0.06540442
0.06429338
0.06682110
0.06402326
0.06616259
0.06728888
0.06720972
0.06718731
0.06390119
0.06502461
0.06512809
0.06629157
0.06996632
0.06485748
0.06504059
0.06598783
0.06738305
0.07047725
0.06475353
0.06498432
0.06533813
0.06553030
0.07519341
0.06628299
0.06610823
0.06567383
0.07082915
0.06503677
0.06771636
0.06650305
0.06452155
0.06525755
0.06836581
0.06840873
0.06268644
0.06044030
0.06170845
0.06447196
0.06287551
0.06580448
0.06341934
0.06530881
0.06693196
0.06693888
0.06562757
0.06691194
0.06686163
0.06420875
0.06282330
0.06615090
0.06641459
0.06378984
0.06058407
0.06246686
0.06538892
0.06589937
0.06702280
0.06856561
0.06613922
0.06346393
0.06449318
0.06640625
0.06660891
0.06560445
0.06489658
0.06384659
0.06343150
0.07212877
0.06892657
0.06795883
0.06754041
0.06622887
0.06694627
0.06743884
0.06676006
0.06520939
0.06536913
0.06668735
0.06597400
0.06565428
0.06631327
0.06480742
0.06522369
0.06854200
0.07041645
0.06988907
0.06630445
0.06602144
0.06686687
0.06870008
0.06638789
0.06625581
0.06616163
0.06594038
0.06958604
0.07026982
0.06552792
0.06580877
0.06441569
0.06777096
0.06744981
0.06758022
0.06594992
0.06663537
0.07515907
0.06823516
0.06752467
0.06651855
0.06565142
0.06989121
0.06615806
0.06695414
0.06782579
0.06599236
0.06394291
0.06977034
0.06715202
0.06892848
0.06486702
0.06201482
0.06185937
0.06097269
0.06586242
0.06965518
0.06601524
0.06438947
0.06428099
0.06488633
0.06741858
0.06829810
0.06580138
0.06326389
0.06110692
0.06846571
0.06601524
0.06345344
0.06334662
0.06545806
0.06726193
0.06534910
0.06915188
0.06406569
0.06419444
0.06636238
0.06601548
0.06412053
0.06441569
0.06219196
0.06437826
0.06496453
0.06986403
0.06641221
0.06471395
0.06626773
0.06620264
0.06455517
0.06734490
0.06653857
0.06310987
0.06400561
0.06462646
0.06298804
0.06396604
0.06374693
0.06550002
0.06292796
0.06606293
0.06522965
0.06615496
0.06330252
0.06433535
0.06734991
0.06490493
0.06706786
0.06376219
0.06190991
0.06714702
0.06476903
0.06402731
0.06665087
0.06462860
0.06147456
0.06745458
0.06383896
0.06386852
0.06390572
0.06263542
0.06389952
0.06404638
0.06497002
0.06676602
0.06323695
0.06320906
0.06015849
0.06027102
0.06066775
0.06453514
0.06497836
0.06442332
0.06671572
0.06616831
0.06582975
0.06833863
0.06911850
0.06726503
0.06633878
0.06828666
0.06754851
0.06577373
0.06456709
0.06705976
0.06513977
0.06856012
0.06766844
0.06841230
0.06555986
0.06602478
0.06477284
0.06403327
0.06537580
0.06498694
0.06657362
0.06708431
0.06707430
0.06576109
0.06673932
0.06406665
0.06691074
0.06828761
0.06619358
0.06729984
0.06663728
0.06520247
0.06663203
0.06856275
0.06573653
0.06662321
0.06808829
0.06518769
0.06434226
0.06557608
0.06710505
0.07084298
0.06683397
0.06570888
0.06567383
0.06444550
0.06722856
0.06757832
0.06669545
0.06804824
0.06694031
0.06724286
0.06820560
0.06573582
0.06517076
0.06872535
0.06822920
0.07207394
0.06957293
0.06462407
0.06453228
0.06381631
0.06502271
0.06863809
0.06668735
0.06369925
0.06380129
0.06424761
0.06962991
0.07021904
0.06544614
0.06901217
0.06955194
0.07197261
0.07029963
0.07209086
0.06727362
0.06624913
0.06872082
0.06937337
0.06777453
0.06862521
0.06907678
0.06854630
0.06947541
0.07200170
0.07275200
0.06961823
0.06931496
0.06655955
0.07259607
0.07314730
0.07027078
0.07321215
0.07123613
0.07229900
0.07532978
0.07007337
0.06800318
0.07245255
0.06729007
0.07487416
0.07237339
0.07154298
0.07154822
0.07193041
0.07448864
0.07749224
0.07335949
0.07237482
0.07331204
0.07301569
0.07273626
0.08895111
0.07260418
0.07221794
0.07402873
0.08255219
0.07564044
0.07460952
0.07544112
0.08022976
0.07681942
0.07860661
0.07659101
0.07767892
0.08055353
0.13040924
0.09359503
0.09384584
0.09203458
0.09329700
0.09317303
0.08211827
0.07821798
0.07762003
0.08393741
0.07953143
0.08063054
0.07934880
0.08074999
0.08120489
0.07754755
0.07852197
0.08284330
0.08046651
0.07905960
0.07695055
0.08275366
0.07692623
0.08225727
0.08287048
0.08147907
0.08105302
0.08632350
0.08635044
0.08525133
0.08641934
0.08229423
0.08419776
0.08524776
0.08551192
0.08419919
0.08175373
0.08093524
0.08124423
0.07855821
0.07583141
0.07825184
0.07802033
0.07986140
0.07961106
0.08033991
0.08054948
0.08087587
0.07954717
0.07576799
0.07522988
0.07745361
0.08195662
0.07786989
0.07474041
0.07567716
0.07822728
0.08094788
0.08311367
0.08105087
0.08165956
0.08514547
0.08383369
0.08424377
0.07929111
0.07668710
0.07868314
0.08490682
0.08515644
0.08034492
0.07962608
0.08398461
0.08678246
0.13505673
0.10333061
0.10409236
0.10219526
0.10230422
0.09658098
0.08233619
0.08291984
0.07728744
0.08133864
0.07893276
0.08398557
0.08520007
0.08178353
0.08126116
0.08205628
0.08020759
0.14026856
0.10021830
0.09737825
0.09764695
0.09861660
0.07867599
0.07713604
0.07576346
0.07882953
0.07840371
0.07695746
0.07818007
0.07736516
0.07543182
0.07925034
0.07820821
0.07638550
0.07645154
0.07216287
0.07403040
0.07196760
0.07253766
0.07464743
0.07450724
0.07356620
0.06996202
0.06859159
0.07324815
0.07198405
0.07152867
0.07004929
0.06926179
0.07072520
0.07181406
0.07028937
0.07316613
0.07207799
0.07259655
0.07338309
0.07168746
0.07111287
0.06871748
0.07064080
0.07283950
0.07135367
0.07340741
0.07107139
0.06801796
0.07134533
0.06993699
0.07123423
0.06915498
0.06761622
0.06936932
0.06940985
0.06856823
0.07010555
0.07815075
0.07287526
0.07023215
0.06746006
0.06911802
0.06799769
0.06802130
0.06576896
0.06531024
0.06597686
0.06665492
0.06605577
0.06734610
0.06982803
0.06884599
0.06648135
0.06763268
0.06626844
0.06819701
0.06561017
0.06715417
0.06861401
0.06886578
0.06662416
0.06518269
0.06468177
0.06664276
0.06824541
0.06404018
0.06670284
0.06661391
0.06409216
0.06521106
0.06624627
0.06998754
0.06520462
0.06445909
0.06575060
0.06947446
0.06719589
0.06683755
0.06676579
0.06721187
0.06323957
0.06356668
0.06411409
0.06200838
0.06274939
0.06254458
0.06398892
0.06516647
0.06485105
0.06351852
0.06251097
0.06316471
0.06595206
0.06573081
0.06228256
0.06447029
0.06136298
0.06189346
0.06173253
0.06151772
0.06182075
0.05902767
0.05987120
0.06355524
0.06476712
0.06326032
0.06043172
0.06057310
0.06253338
0.06542134
0.06448650
0.06113505
0.06009769
0.06017184
0.06205773
0.06152010
0.06324172
0.05853105
0.05999041
0.06266809
0.06245255
0.06070232
0.06459427
0.06013417
0.05947328
0.06005931
0.06049967
0.06098151
0.06157708
0.05965972
0.06084299
0.06341577
0.06325936
0.06559992
0.06257033
0.06284142
0.06516385
0.06369805
0.06211329
0.06344104
0.06327009
0.05901933
0.06302214
0.06091428
0.06183100
0.06327581
0.06486392
0.05961967
0.06074858
0.05930042
0.06223536
0.06336427
0.06226540
0.06215143
0.06456113
0.06266928
0.06202984
0.06289291
0.06285262
0.06032610
0.05820632
0.06119776
0.05985022
0.06170821
0.06202674
0.06041193
0.06049943
0.05972028
0.05981112
0.06273127
0.10143828
0.07749724
0.07631850
0.07467651
0.07677937
0.07403779
0.07613850
0.06260204
0.06097221
0.06075931
0.05995345
0.06159759
0.05901766
0.05698442
0.05994964
0.06245804
0.06143117
0.05974913
0.05999851
0.06308317
0.06357074
0.06036592
0.05831933
0.05923009
0.06036401
0.06157732
0.05920506
0.06230617
0.06257153
0.05735016
0.05790138
0.05990648
0.05962729
0.06002426
0.06135392
0.05893707
0.06029916
0.06292462
0.05950093
0.05745029
0.05936170
0.05669498
0.05816555
0.05666184
0.05621743
0.05948067
0.06047225
0.05665350
0.05741882
0.05928016
0.05931592
0.06167436
0.06326604
0.06066537
0.05730176
0.05990767
0.05794549
0.05933595
0.06078649
0.06104684
0.06048226
0.05881786
0.05992579
0.05871415
0.06077003
0.05772567
0.05782223
0.06140304
0.05981541
0.06034946
0.06293964
0.06146860
0.05888438
0.06151080
0.05897260
0.05935502
0.05948877
0.05725169
0.05958223
0.06112933
0.06044698
0.06152797
0.06055498
0.05817986
0.05800629
0.05947495
0.05912614
0.05914402
0.05908966
0.05918646
0.06082368
0.06305385
0.05935955
0.06146073
0.05841374
0.05874538
0.05812979
0.05835676
0.05747747
0.06001639
0.06208181
0.05962992
0.05843973
