0.02413440
0.07128453
0.06648374
0.06557918
0.06778669
0.06619787
0.06997967
0.06571841
0.06632018
0.06721020
0.06808686
0.07362676
0.06544876
0.06538224
0.06609988
0.06782317
0.07070017
0.06861162
0.06415105
0.06517982
0.06506610
0.06491804
0.06887603
0.06546140
0.06455612
0.06436491
0.08597946
0.06572843
0.06414533
0.06233287
0.06573272
0.07042241
0.06968927
0.06562781
0.07513666
0.06616926
0.06504679
0.07171655
0.06469488
0.06571674
0.07656717
0.06664014
0.06983757
0.06725383
0.06706262
0.06470466
0.06630516
0.06683302
0.06548429
0.06504369
0.06708646
0.06625938
0.06688213
0.06555104
0.06499171
0.06702304
0.06496477
0.06600714
0.06540751
0.06537127
0.06551361
0.06491876
0.06792879
0.06595373
0.06612062
0.06531310
0.06568718
0.07448053
0.06506491
0.06475663
0.06507659
0.06487679
0.06489134
0.06674695
0.06465220
0.06518555
0.06565285
0.06558704
0.06534696
0.06363249
0.06504941
0.06606627
0.07357192
0.08165455
0.08149934
0.06733203
0.06620479
0.06811094
0.06682944
0.06492114
0.06643677
0.06955910
0.06443000
0.06622005
0.06569910
0.06886506
0.06437063
0.06430411
0.06493020
0.06884193
0.06665516
0.06394792
0.06319404
0.06356382
0.06920075
0.06348205
0.06460071
0.06562281
0.06787705
0.06383109
0.06565189
0.06496382
0.06405234
0.06359005
0.06639457
0.06624770
0.06411743
0.06304407
0.06243300
0.06411123
0.06300330
0.06714249
0.06495714
0.06493878
0.06020355
0.05902672
0.05857754
