227.000,207.000,122.000,99.000
238.774,206.005,124.452,100.990
250.390,209.505,123.220,99.990
258.390,220.505,123.220,99.990
258.000,232.000,122.000,99.000
255.604,238.490,120.792,98.020
247.794,249.456,118.412,96.088
244.794,251.456,118.412,96.088
253.794,253.456,118.412,96.088
261.794,264.456,118.412,96.088
257.380,274.931,117.240,95.137
255.535,275.869,114.930,93.262
251.961,273.402,116.079,94.195
258.961,282.402,116.079,94.195
266.794,291.456,118.412,96.088
275.604,303.490,120.792,98.020
279.202,312.975,119.596,97.049
261.000,312.000,122.000,99.000
240.774,298.005,124.452,100.990
237.523,280.990,126.954,103.020
246.888,266.475,128.223,104.050
259.888,255.475,128.223,104.050
269.600,260.429,130.801,106.141
256.285,280.363,133.430,108.275
224.944,295.274,136.112,110.451
211.618,296.821,134.764,109.358
229.285,273.363,133.430,108.275
257.600,251.429,130.801,106.141
277.888,252.475,128.223,104.050
286.152,264.500,125.697,102.000
276.888,266.475,128.223,104.050
251.523,264.990,126.954,103.020
219.152,255.500,125.697,102.000
202.774,255.005,124.452,100.990
212.390,255.505,123.220,99.990
215.774,255.005,124.452,100.990
218.523,252.990,126.954,103.020
217.523,256.990,126.954,103.020
215.523,263.990,126.954,103.020
206.523,253.990,126.954,103.020
204.247,240.955,129.505,105.090
205.523,225.990,126.954,103.020
223.888,208.475,128.223,104.050
231.247,208.955,129.505,105.090
220.888,231.475,128.223,104.050
216.152,254.500,125.697,102.000
222.888,265.475,128.223,104.050
236.152,276.500,125.697,102.000
233.774,288.005,124.452,100.990
222.390,288.505,123.220,99.990
221.152,277.500,125.697,102.000
207.888,254.475,128.223,104.050
197.600,230.429,130.801,106.141
209.600,220.429,130.801,106.141
219.285,221.363,133.430,108.275
228.285,223.363,133.430,108.275
236.946,217.899,132.109,107.203
245.247,207.955,129.505,105.090
233.946,207.899,132.109,107.203
213.618,221.821,134.764,109.358
193.946,244.899,132.109,107.203
192.618,248.821,134.764,109.358
211.944,239.274,136.112,110.451
234.618,230.821,134.764,109.358
245.944,220.274,136.112,110.451
247.285,210.363,133.430,108.275
239.944,201.274,136.112,110.451
219.264,206.722,137.473,111.556
194.944,220.274,136.112,110.451
177.576,217.164,138.847,112.671
175.264,198.722,137.473,111.556
173.882,172.601,140.236,113.798
171.576,163.164,138.847,112.671
172.576,177.164,138.847,112.671
199.576,178.164,138.847,112.671
233.576,173.164,138.847,112.671
228.181,198.032,141.638,114.936
212.473,252.457,143.055,116.085
225.473,308.457,143.055,116.085
273.882,333.601,140.236,113.798
303.264,319.722,137.473,111.556
281.576,285.164,138.847,112.671
243.264,250.722,137.473,111.556
201.882,224.601,140.236,113.798
183.473,213.457,143.055,116.085
185.035,229.291,145.930,118.419
191.568,246.101,148.863,120.799
193.035,248.291,145.930,118.419
193.568,225.101,148.863,120.799
203.035,202.291,145.930,118.419
202.757,190.877,144.485,117.246
201.473,192.457,143.055,116.085
194.035,206.291,145.930,118.419
208.473,221.457,143.055,116.085
234.035,217.291,145.930,118.419
248.568,203.101,148.863,120.799
261.072,206.887,151.855,123.227
291.072,220.887,151.855,123.227
331.568,233.101,148.863,120.799
348.824,232.497,150.352,122.007
350.305,221.699,147.389,119.603
334.824,204.497,150.352,122.007
301.313,196.270,153.374,124.459
283.313,198.270,153.374,124.459
283.824,200.497,150.352,122.007
283.568,203.101,148.863,120.799
277.824,215.497,150.352,122.007
268.568,228.101,148.863,120.799
261.568,234.101,148.863,120.799
267.072,233.887,151.855,123.227
272.568,235.101,148.863,120.799
256.035,249.291,145.930,118.419
217.305,260.699,147.389,119.603
205.305,247.699,147.389,119.603
228.757,224.877,144.485,117.246
254.305,207.699,147.389,119.603
263.568,195.101,148.863,120.799
251.568,208.101,148.863,120.799
236.568,223.101,148.863,120.799
236.035,237.291,145.930,118.419
237.568,238.101,148.863,120.799
257.072,238.887,151.855,123.227
269.824,237.497,150.352,122.007
263.305,227.699,147.389,119.603
250.824,224.497,150.352,122.007
264.305,227.699,147.389,119.603
280.305,228.699,147.389,119.603
280.305,215.699,147.389,119.603
265.305,203.699,147.389,119.603
249.568,191.101,148.863,120.799
248.072,188.887,151.855,123.227
255.546,187.648,154.908,125.704
240.072,188.887,151.855,123.227
210.546,183.648,154.908,125.704
193.772,175.020,156.457,126.961
201.313,176.270,153.374,124.459
216.824,177.497,150.352,122.007
195.313,176.270,153.374,124.459
150.313,179.270,153.374,124.459
133.546,189.648,154.908,125.704
180.313,192.270,153.374,124.459
245.824,194.497,150.352,122.007
278.072,194.887,151.855,123.227
281.568,197.101,148.863,120.799
276.824,197.497,150.352,122.007
254.072,186.887,151.855,123.227
214.313,184.270,153.374,124.459
185.546,181.648,154.908,125.704
188.072,183.887,151.855,123.227
201.072,184.887,151.855,123.227
203.546,182.648,154.908,125.704
192.313,174.270,153.374,124.459
192.824,176.497,150.352,122.007
197.305,177.699,147.389,119.603
214.824,174.497,150.352,122.007
243.313,161.270,153.374,124.459
256.772,146.020,156.457,126.961
243.772,146.020,156.457,126.961
231.546,150.648,154.908,125.704
246.989,150.385,158.021,128.230
274.772,141.020,156.457,126.961
288.546,144.648,154.908,125.704
278.072,176.887,151.855,123.227
260.313,218.270,153.374,124.459
250.772,235.020,156.457,126.961
253.546,225.648,154.908,125.704
250.072,203.887,151.855,123.227
240.072,190.887,151.855,123.227
226.568,192.101,148.863,120.799
220.035,196.291,145.930,118.419
214.473,198.457,143.055,116.085
219.035,191.291,145.930,118.419
236.305,182.699,147.389,119.603
259.305,173.699,147.389,119.603
268.757,175.877,144.485,117.246
264.305,178.699,147.389,119.603
266.568,189.101,148.863,120.799
269.305,202.699,147.389,119.603
265.305,220.699,147.389,119.603
252.824,232.497,150.352,122.007
252.824,230.497,150.352,122.007
256.824,217.497,150.352,122.007
263.313,202.270,153.374,124.459
257.772,185.020,156.457,126.961
245.313,174.270,153.374,124.459
233.824,176.497,150.352,122.007
225.313,181.270,153.374,124.459
215.824,197.497,150.352,122.007
216.305,219.699,147.389,119.603
238.824,231.497,150.352,122.007
276.568,220.101,148.863,120.799
298.072,203.887,151.855,123.227
298.313,189.270,153.374,124.459
295.824,180.497,150.352,122.007
310.313,180.270,153.374,124.459
329.824,176.497,150.352,122.007
342.305,169.699,147.389,119.603
338.824,164.497,150.352,122.007
316.568,173.101,148.863,120.799
299.072,183.887,151.855,123.227
316.546,185.648,154.908,125.704
364.072,184.887,151.855,123.227
398.072,177.887,151.855,123.227
406.568,182.101,148.863,120.799
408.568,192.101,148.863,120.799
425.035,197.291,145.930,118.419
439.757,187.877,144.485,117.246
438.181,178.032,141.638,114.936
411.576,180.164,138.847,112.671
372.181,192.032,141.638,114.936
332.882,198.601,140.236,113.798
315.576,200.164,138.847,112.671
323.181,198.032,141.638,114.936
335.576,190.164,138.847,112.671
349.264,180.722,137.473,111.556
362.618,173.821,134.764,109.358
353.285,185.363,133.430,108.275
342.618,196.821,134.764,109.358
336.264,207.722,137.473,111.556
310.944,202.274,136.112,110.451
270.618,190.821,134.764,109.358
224.944,191.274,136.112,110.451
200.264,191.722,137.473,111.556
205.944,195.274,136.112,110.451
216.576,195.164,138.847,112.671
219.264,185.722,137.473,111.556
205.618,188.821,134.764,109.358
193.618,202.821,134.764,109.358
209.946,219.899,132.109,107.203
245.618,230.821,134.764,109.358
261.944,233.274,136.112,110.451
241.264,232.722,137.473,111.556
207.618,225.821,134.764,109.358
178.264,217.722,137.473,111.556
174.882,215.601,140.236,113.798
202.882,214.601,140.236,113.798
249.473,212.457,143.055,116.085
281.882,213.601,140.236,113.798
277.264,219.722,137.473,111.556
241.264,220.722,137.473,111.556
186.944,221.274,136.112,110.451
142.264,217.722,137.473,111.556
125.264,209.722,137.473,111.556
143.944,198.274,136.112,110.451
172.285,188.363,133.430,108.275
183.618,188.821,134.764,109.358
192.944,187.274,136.112,110.451
207.285,188.363,133.430,108.275
230.618,188.821,134.764,109.358
246.944,191.274,136.112,110.451
251.285,201.363,133.430,108.275
240.600,205.429,130.801,106.141
231.247,215.955,129.505,105.090
227.946,225.899,132.109,107.203
227.600,238.429,130.801,106.141
228.600,239.429,130.801,106.141
239.247,217.955,129.505,105.090
243.247,195.955,129.505,105.090
243.523,197.990,126.954,103.020
240.774,222.005,124.452,100.990
232.774,238.005,124.452,100.990
219.523,248.990,126.954,103.020
206.523,245.990,126.954,103.020
205.152,229.500,125.697,102.000
212.390,210.505,123.220,99.990
212.152,198.500,125.697,102.000
222.774,201.005,124.452,100.990
244.000,225.000,122.000,99.000
253.000,240.000,122.000,99.000
250.390,244.505,123.220,99.990
239.774,233.005,124.452,100.990
239.152,215.500,125.697,102.000
251.390,207.505,123.220,99.990
252.390,208.505,123.220,99.990
258.604,212.490,120.792,98.020
258.390,210.505,123.220,99.990
262.604,203.490,120.792,98.020
270.604,203.490,120.792,98.020
278.390,200.505,123.220,99.990
286.390,189.505,123.220,99.990
285.390,178.505,123.220,99.990
275.604,174.490,120.792,98.020
263.794,187.456,118.412,96.088
273.961,211.402,116.079,94.195
293.794,232.456,118.412,96.088
308.202,222.975,119.596,97.049
298.794,194.456,118.412,96.088
275.604,183.490,120.792,98.020
258.794,190.456,118.412,96.088
262.202,201.975,119.596,97.049
275.000,213.000,122.000,99.000
283.202,216.975,119.596,97.049
279.202,211.975,119.596,97.049
279.380,192.931,117.240,95.137
267.794,172.456,118.412,96.088
273.604,168.490,120.792,98.020
295.390,180.505,123.220,99.990
306.000,192.000,122.000,99.000
284.604,182.490,120.792,98.020
248.000,173.000,122.000,99.000
214.774,174.005,124.452,100.990
221.523,172.990,126.954,103.020
238.774,166.005,124.452,100.990
253.774,161.005,124.452,100.990
259.774,159.005,124.452,100.990
240.390,157.505,123.220,99.990
211.604,161.490,120.792,98.020
192.390,173.505,123.220,99.990
190.152,183.500,125.697,102.000
174.390,189.505,123.220,99.990
153.390,200.505,123.220,99.990
149.774,210.005,124.452,100.990
159.523,203.990,126.954,103.020
177.247,186.955,129.505,105.090
187.888,179.475,128.223,104.050
177.600,181.429,130.801,106.141
162.247,194.955,129.505,105.090
168.600,203.429,130.801,106.141
181.946,193.899,132.109,107.203
194.247,175.955,129.505,105.090
200.946,155.899,132.109,107.203
221.247,149.955,129.505,105.090
240.523,155.990,126.954,103.020
240.152,176.500,125.697,102.000
235.390,194.505,123.220,99.990
233.000,194.000,122.000,99.000
226.390,169.505,123.220,99.990
213.774,141.005,124.452,100.990
201.390,140.505,123.220,99.990
207.604,154.490,120.792,98.020
221.390,175.505,123.220,99.990
236.604,186.490,120.792,98.020
247.794,177.456,118.412,96.088
262.380,162.931,117.240,95.137
275.535,156.869,114.930,93.262
275.961,168.402,116.079,94.195
274.535,182.869,114.930,93.262
246.668,187.788,112.665,91.425
200.104,178.330,113.792,92.339
164.961,168.402,116.079,94.195
151.794,165.456,118.412,96.088
150.961,172.402,116.079,94.195
160.104,182.330,113.792,92.339
168.535,180.869,114.930,93.262
189.961,171.402,116.079,94.195
222.961,164.402,116.079,94.195
240.380,162.931,117.240,95.137
240.794,159.456,118.412,96.088
241.380,158.931,117.240,95.137
234.961,167.402,116.079,94.195
224.961,180.402,116.079,94.195
214.794,191.456,118.412,96.088
196.961,203.402,116.079,94.195
165.961,206.402,116.079,94.195
133.794,205.456,118.412,96.088
110.604,196.490,120.792,98.020
105.390,189.505,123.220,99.990
120.000,191.000,122.000,99.000
145.000,188.000,122.000,99.000
166.390,176.505,123.220,99.990
184.604,171.490,120.792,98.020
205.794,171.456,118.412,96.088
225.380,170.931,117.240,95.137
230.380,160.931,117.240,95.137
221.535,146.869,114.930,93.262
200.535,147.869,114.930,93.262
190.104,158.330,113.792,92.339
199.535,157.869,114.930,93.262
220.380,157.931,117.240,95.137
236.535,154.869,114.930,93.262
246.961,143.402,116.079,94.195
255.380,140.931,117.240,95.137
251.794,141.456,118.412,96.088
243.961,154.402,116.079,94.195
236.961,172.402,116.079,94.195
232.794,184.456,118.412,96.088
233.380,186.931,117.240,95.137
240.380,185.931,117.240,95.137
247.535,178.869,114.930,93.262
255.380,166.931,117.240,95.137
272.535,158.869,114.930,93.262
298.668,165.788,112.665,91.425
320.777,186.688,110.445,89.623
320.668,206.788,112.665,91.425
297.777,227.688,110.445,89.623
265.866,238.571,108.269,87.857
249.932,222.437,106.135,86.126
255.978,197.285,104.044,84.429
245.932,179.437,106.135,86.126
235.866,179.571,108.269,87.857
246.324,199.132,109.351,88.736
266.225,218.240,111.549,90.520
262.324,222.132,109.351,88.736
258.225,204.240,111.549,90.520
263.668,178.788,112.665,91.425
264.225,179.240,111.549,90.520
266.104,202.330,113.792,92.339
275.225,223.240,111.549,90.520
282.104,210.330,113.792,92.339
291.104,188.330,113.792,92.339
290.104,188.330,113.792,92.339
284.104,206.330,113.792,92.339
284.104,215.330,113.792,92.339
281.535,205.869,114.930,93.262
258.380,187.931,117.240,95.137
236.535,178.869,114.930,93.262
236.104,190.330,113.792,92.339
252.535,209.869,114.930,93.262
263.668,219.788,112.665,91.425
273.104,209.330,113.792,92.339
274.668,190.788,112.665,91.425
283.225,184.240,111.549,90.520
299.668,194.788,112.665,91.425
310.777,202.688,110.445,89.623
291.866,199.571,108.269,87.857
255.866,186.571,108.269,87.857
230.932,174.437,106.135,86.126
227.978,178.285,104.044,84.429
217.458,189.863,105.085,85.274
198.402,197.006,107.197,86.988
206.324,197.132,109.351,88.736
240.324,193.132,109.351,88.736
254.866,193.571,108.269,87.857
237.324,197.132,109.351,88.736
208.402,206.006,107.197,86.988
207.866,207.571,108.269,87.857
250.866,200.571,108.269,87.857
277.932,191.437,106.135,86.126
267.866,181.571,108.269,87.857
249.777,181.688,110.445,89.623
237.866,188.571,108.269,87.857
243.866,195.571,108.269,87.857
291.402,198.006,107.197,86.988
339.932,197.437,106.135,86.126
347.866,187.571,108.269,87.857
330.324,179.132,109.351,88.736
303.402,177.006,107.197,86.988
257.458,181.863,105.085,85.274
231.978,198.285,104.044,84.429
250.932,208.437,106.135,86.126
283.866,216.571,108.269,87.857
301.402,212.006,107.197,86.988
287.402,198.006,107.197,86.988
253.402,194.006,107.197,86.988
232.324,204.132,109.351,88.736
239.866,218.571,108.269,87.857
259.324,216.132,109.351,88.736
267.225,197.240,111.549,90.520
263.225,185.240,111.549,90.520
252.777,192.688,110.445,89.623
249.866,206.571,108.269,87.857
268.402,211.006,107.197,86.988
286.866,200.571,108.269,87.857
299.324,182.132,109.351,88.736
318.402,179.006,107.197,86.988
337.324,198.132,109.351,88.736
349.777,217.688,110.445,89.623
350.777,216.688,110.445,89.623
350.225,197.240,111.549,90.520
345.104,177.330,113.792,92.339
343.961,166.402,116.079,94.195
351.104,174.330,113.792,92.339
348.668,178.788,112.665,91.425
335.777,182.688,110.445,89.623
304.668,191.788,112.665,91.425
271.777,196.688,110.445,89.623
257.668,193.788,112.665,91.425
241.535,182.869,114.930,93.262
210.380,162.931,117.240,95.137
179.535,156.869,114.930,93.262
158.380,168.931,117.240,95.137
166.794,185.456,118.412,96.088
207.604,183.490,120.792,98.020
249.794,165.456,118.412,96.088
268.604,143.490,120.792,98.020
266.390,141.505,123.220,99.990
261.152,159.500,125.697,102.000
277.390,181.505,123.220,99.990
294.152,179.500,125.697,102.000
291.152,165.500,125.697,102.000
264.523,166.990,126.954,103.020
215.247,191.955,129.505,105.090
184.946,214.899,132.109,107.203
194.618,219.821,134.764,109.358
213.946,215.899,132.109,107.203
211.946,202.899,132.109,107.203
190.247,198.955,129.505,105.090
181.523,215.990,126.954,103.020
193.774,247.005,124.452,100.990
211.774,268.005,124.452,100.990
223.523,267.990,126.954,103.020
231.774,251.005,124.452,100.990
247.152,225.500,125.697,102.000
261.888,211.475,128.223,104.050
264.152,219.500,125.697,102.000
276.152,235.500,125.697,102.000
308.888,234.475,128.223,104.050
333.247,220.955,129.505,105.090
329.600,193.429,130.801,106.141
285.946,178.899,132.109,107.203
232.618,193.821,134.764,109.358
211.285,230.363,133.430,108.275
222.618,244.821,134.764,109.358
247.946,223.899,132.109,107.203
258.618,196.821,134.764,109.358
258.944,196.274,136.112,110.451
270.285,206.363,133.430,108.275
306.618,204.821,134.764,109.358
344.944,198.274,136.112,110.451
354.576,201.164,138.847,112.671
320.944,213.274,136.112,110.451
267.264,221.722,137.473,111.556
222.264,218.722,137.473,111.556
198.264,201.722,137.473,111.556
195.618,185.821,134.764,109.358
209.618,178.821,134.764,109.358
225.264,179.722,137.473,111.556
242.882,181.601,140.236,113.798
264.473,181.457,143.055,116.085
287.757,181.877,144.485,117.246
290.305,174.699,147.389,119.603
271.757,171.877,144.485,117.246
250.305,171.699,147.389,119.603
232.568,174.101,148.863,120.799
222.072,177.887,151.855,123.227
225.313,176.270,153.374,124.459
238.072,172.887,151.855,123.227
235.546,172.648,154.908,125.704
224.313,178.270,153.374,124.459
237.772,190.020,156.457,126.961
281.989,204.385,158.021,128.230
318.989,207.385,158.021,128.230
308.989,200.385,158.021,128.230
277.546,195.648,154.908,125.704
239.989,193.385,158.021,128.230
206.401,190.096,161.197,130.808
185.595,189.442,162.809,132.116
188.959,189.114,166.082,134.771
204.290,187.760,169.420,137.480
212.290,182.760,169.420,137.480
221.587,171.378,172.826,140.244
231.290,167.760,169.420,137.480
227.129,165.440,167.743,136.119
219.959,169.114,166.082,134.771
221.959,169.114,166.082,134.771
216.290,163.760,169.420,137.480
191.587,161.378,172.826,140.244
164.290,172.760,169.420,137.480
159.959,184.114,166.082,134.771
176.595,191.442,162.809,132.116
180.959,183.114,166.082,134.771
165.781,176.781,164.438,133.437
142.129,186.440,167.743,136.119
126.443,209.072,171.114,138.855
120.723,225.677,174.554,141.646
113.969,226.253,178.062,144.493
112.850,220.969,176.299,143.063
123.969,208.253,178.062,144.493
138.723,204.677,174.554,141.646
147.969,202.253,178.062,144.493
157.969,207.253,178.062,144.493
160.079,207.531,179.843,145.938
172.079,203.531,179.843,145.938
160.271,192.064,183.458,148.871
149.271,196.064,183.458,148.871
136.271,208.064,183.458,148.871
132.427,207.568,187.145,151.864
127.427,198.568,187.145,151.864
115.492,192.809,189.017,153.382
108.592,199.267,192.816,156.465
117.592,216.267,192.816,156.465
120.628,229.485,194.744,158.030
118.547,227.042,190.907,154.916
113.427,221.568,187.145,151.864
106.271,214.064,183.458,148.871
109.354,212.320,185.292,150.360
116.271,221.064,183.458,148.871
106.427,231.568,187.145,151.864
102.547,233.042,190.907,154.916
99.628,226.485,194.744,158.030
101.671,220.897,198.658,161.206
95.677,213.091,200.645,162.819
79.677,207.091,200.645,162.819
49.671,216.897,198.658,161.206
37.677,226.091,200.645,162.819
