164.000,121.000,27.000,24.000
164.266,121.236,26.468,23.527
165.527,121.468,25.946,23.064
165.397,121.353,26.206,23.294
165.134,121.119,26.733,23.762
165.865,120.880,27.270,24.240
166.134,121.119,26.733,23.762
166.865,120.880,27.270,24.240
166.729,120.759,27.543,24.482
167.000,121.000,27.000,24.000
167.134,121.119,26.733,23.762
166.865,120.880,27.270,24.240
167.591,120.636,27.818,24.727
167.729,121.759,27.543,24.482
167.865,121.880,27.270,24.240
168.134,122.119,26.733,23.762
168.134,121.119,26.733,23.762
168.865,120.880,27.270,24.240
168.591,120.636,27.818,24.727
168.452,120.513,28.096,24.974
169.591,120.636,27.818,24.727
169.311,120.388,28.377,25.224
170.452,121.513,28.096,24.974
170.452,121.513,28.096,24.974
170.729,121.759,27.543,24.482
170.865,121.880,27.270,24.240
170.729,121.759,27.543,24.482
170.865,120.880,27.270,24.240
171.134,120.119,26.733,23.762
171.134,119.119,26.733,23.762
170.865,118.880,27.270,24.240
171.134,121.119,26.733,23.762
171.134,121.119,26.733,23.762
171.266,122.236,26.468,23.527
171.000,122.000,27.000,24.000
170.865,121.880,27.270,24.240
169.591,121.636,27.818,24.727
169.729,120.759,27.543,24.482
170.000,121.000,27.000,24.000
170.134,121.119,26.733,23.762
170.000,121.000,27.000,24.000
169.729,120.759,27.543,24.482
169.452,120.513,28.096,24.974
168.452,122.513,28.096,24.974
168.452,123.513,28.096,24.974
168.169,123.262,28.661,25.476
168.026,124.134,28.948,25.731
168.026,124.134,28.948,25.731
169.026,124.134,28.948,25.731
167.881,123.006,29.237,25.989
168.026,123.134,28.948,25.731
167.881,123.006,29.237,25.989
168.026,123.134,28.948,25.731
167.881,122.006,29.237,25.989
168.026,122.134,28.948,25.731
168.169,122.262,28.661,25.476
168.452,122.513,28.096,24.974
168.729,122.759,27.543,24.482
168.729,123.759,27.543,24.482
168.452,123.513,28.096,24.974
168.452,123.513,28.096,24.974
168.452,123.513,28.096,24.974
168.591,124.636,27.818,24.727
168.591,123.636,27.818,24.727
168.452,122.513,28.096,24.974
168.591,122.636,27.818,24.727
168.591,122.636,27.818,24.727
168.311,122.388,28.377,25.224
168.591,121.636,27.818,24.727
168.591,121.636,27.818,24.727
168.591,122.636,27.818,24.727
168.865,122.880,27.270,24.240
168.591,122.636,27.818,24.727
168.729,123.759,27.543,24.482
169.591,123.636,27.818,24.727
169.311,123.388,28.377,25.224
169.026,122.134,28.948,25.731
169.311,122.388,28.377,25.224
168.026,123.134,28.948,25.731
168.026,122.134,28.948,25.731
168.311,122.388,28.377,25.224
169.591,122.636,27.818,24.727
169.311,122.388,28.377,25.224
169.452,122.513,28.096,24.974
169.729,122.759,27.543,24.482
170.591,122.636,27.818,24.727
170.311,122.388,28.377,25.224
170.169,122.262,28.661,25.476
170.026,122.134,28.948,25.731
170.026,122.134,28.948,25.731
170.311,123.388,28.377,25.224
170.311,123.388,28.377,25.224
171.591,121.636,27.818,24.727
171.591,121.636,27.818,24.727
171.865,122.880,27.270,24.240
172.591,122.636,27.818,24.727
172.311,122.388,28.377,25.224
172.591,122.636,27.818,24.727
172.311,123.388,28.377,25.224
172.591,123.636,27.818,24.727
172.591,123.636,27.818,24.727
172.591,123.636,27.818,24.727
173.311,123.388,28.377,25.224
173.452,123.513,28.096,24.974
173.452,123.513,28.096,24.974
173.452,123.513,28.096,24.974
174.169,123.262,28.661,25.476
174.452,123.513,28.096,24.974
175.311,122.388,28.377,25.224
175.452,122.513,28.096,24.974
175.452,122.513,28.096,24.974
175.729,122.759,27.543,24.482
175.591,122.636,27.818,24.727
175.865,123.880,27.270,24.240
175.591,123.636,27.818,24.727
176.452,123.513,28.096,24.974
176.729,123.759,27.543,24.482
176.452,123.513,28.096,24.974
176.169,123.262,28.661,25.476
175.881,123.006,29.237,25.989
176.026,123.134,28.948,25.731
175.735,121.876,29.530,26.248
175.438,121.612,30.123,26.776
175.588,121.745,29.825,26.511
175.438,122.612,30.123,26.776
175.438,122.612,30.123,26.776
175.288,122.478,30.424,27.044
175.136,122.343,30.729,27.314
173.982,122.206,31.036,27.587
173.670,122.929,31.660,28.142
172.982,123.206,31.036,27.587
174.288,123.478,30.424,27.044
173.982,124.206,31.036,27.587
174.136,123.343,30.729,27.314
173.288,122.478,30.424,27.044
174.438,122.612,30.123,26.776
174.136,122.343,30.729,27.314
174.288,122.478,30.424,27.044
173.982,121.206,31.036,27.587
173.670,120.929,31.660,28.142
172.670,120.929,31.660,28.142
172.982,122.206,31.036,27.587
173.136,122.343,30.729,27.314
172.982,120.206,31.036,27.587
173.136,120.343,30.729,27.314
173.288,120.478,30.424,27.044
173.438,119.612,30.123,26.776
173.735,119.876,29.530,26.248
173.588,119.745,29.825,26.511
173.288,119.478,30.424,27.044
172.136,119.343,30.729,27.314
172.438,119.612,30.123,26.776
172.288,119.478,30.424,27.044
172.136,120.343,30.729,27.314
171.827,120.068,31.346,27.863
172.136,120.343,30.729,27.314
172.288,122.478,30.424,27.044
171.982,122.206,31.036,27.587
171.982,122.206,31.036,27.587
172.136,122.343,30.729,27.314
172.438,122.612,30.123,26.776
172.288,122.478,30.424,27.044
172.438,122.612,30.123,26.776
172.438,122.612,30.123,26.776
172.288,121.478,30.424,27.044
172.438,121.612,30.123,26.776
172.288,122.478,30.424,27.044
171.982,122.206,31.036,27.587
170.982,123.206,31.036,27.587
172.288,123.478,30.424,27.044
172.136,123.343,30.729,27.314
172.288,123.478,30.424,27.044
172.136,123.343,30.729,27.314
171.438,122.612,30.123,26.776
171.288,122.478,30.424,27.044
170.982,122.206,31.036,27.587
171.288,121.478,30.424,27.044
171.588,121.745,29.825,26.511
171.735,120.876,29.530,26.248
171.588,120.745,29.825,26.511
171.588,120.745,29.825,26.511
171.438,119.612,30.123,26.776
171.136,119.343,30.729,27.314
171.136,119.343,30.729,27.314
170.288,119.478,30.424,27.044
170.136,119.343,30.729,27.314
169.827,119.068,31.346,27.863
169.827,119.068,31.346,27.863
169.827,119.068,31.346,27.863
169.136,118.343,30.729,27.314
168.982,118.206,31.036,27.587
169.136,118.343,30.729,27.314
169.438,118.612,30.123,26.776
168.288,116.478,30.424,27.044
168.438,116.612,30.123,26.776
168.136,116.343,30.729,27.314
167.827,116.068,31.346,27.863
166.982,116.206,31.036,27.587
166.982,116.206,31.036,27.587
166.670,115.929,31.660,28.142
166.982,116.206,31.036,27.587
166.288,114.478,30.424,27.044
166.136,114.343,30.729,27.314
165.827,114.068,31.346,27.863
165.827,114.068,31.346,27.863
165.512,113.788,31.976,28.423
165.827,114.068,31.346,27.863
165.512,113.788,31.976,28.423
164.670,113.929,31.660,28.142
164.352,114.646,32.296,28.708
164.512,114.788,31.976,28.423
164.191,115.503,32.619,28.995
164.512,115.788,31.976,28.423
164.670,117.929,31.660,28.142
163.827,118.068,31.346,27.863
163.982,121.206,31.036,27.587
163.670,120.929,31.660,28.142
163.512,120.788,31.976,28.423
163.670,120.929,31.660,28.142
162.670,120.929,31.660,28.142
162.670,120.929,31.660,28.142
162.670,120.929,31.660,28.142
162.982,121.206,31.036,27.587
162.136,120.343,30.729,27.314
162.136,120.343,30.729,27.314
161.827,120.068,31.346,27.863
161.670,119.929,31.660,28.142
161.982,120.206,31.036,27.587
162.136,119.343,30.729,27.314
161.136,119.343,30.729,27.314
160.827,119.068,31.346,27.863
160.982,118.206,31.036,27.587
160.827,118.068,31.346,27.863
161.512,117.788,31.976,28.423
161.512,117.788,31.976,28.423
161.827,118.068,31.346,27.863
161.670,117.929,31.660,28.142
161.670,117.929,31.660,28.142
161.982,117.206,31.036,27.587
162.288,116.478,30.424,27.044
162.136,116.343,30.729,27.314
161.827,116.068,31.346,27.863
161.670,115.929,31.660,28.142
161.512,115.788,31.976,28.423
161.827,115.068,31.346,27.863
162.512,115.788,31.976,28.423
162.191,115.503,32.619,28.995
162.512,115.788,31.976,28.423
162.827,113.068,31.346,27.863
162.827,113.068,31.346,27.863
162.512,112.788,31.976,28.423
162.512,112.788,31.976,28.423
162.670,112.929,31.660,28.142
163.352,112.646,32.296,28.708
163.670,112.929,31.660,28.142
163.512,112.788,31.976,28.423
163.670,114.929,31.660,28.142
163.827,115.068,31.346,27.863
163.512,114.788,31.976,28.423
163.191,114.503,32.619,28.995
163.191,114.503,32.619,28.995
164.512,113.788,31.976,28.423
164.670,113.929,31.660,28.142
164.512,113.788,31.976,28.423
165.670,113.929,31.660,28.142
165.512,113.788,31.976,28.423
165.512,113.788,31.976,28.423
166.512,113.788,31.976,28.423
166.191,113.503,32.619,28.995
166.191,113.503,32.619,28.995
166.352,113.646,32.296,28.708
166.027,113.358,32.945,29.285
167.027,113.358,32.945,29.285
167.191,113.503,32.619,28.995
167.027,114.358,32.945,29.285
167.191,114.503,32.619,28.995
167.863,114.211,33.275,29.577
167.696,114.063,33.607,29.873
167.696,114.063,33.607,29.873
168.359,113.763,34.283,30.474
168.696,114.063,33.607,29.873
168.696,114.063,33.607,29.873
169.027,114.358,32.945,29.285
168.696,114.063,33.607,29.873
169.359,114.763,34.283,30.474
169.696,115.063,33.607,29.873
170.863,115.211,33.275,29.577
170.528,114.914,33.943,30.172
170.359,115.763,34.283,30.474
171.696,115.063,33.607,29.873
171.863,115.211,33.275,29.577
171.696,116.063,33.607,29.873
172.027,116.358,32.945,29.285
173.191,116.503,32.619,28.995
172.863,116.211,33.275,29.577
173.191,116.503,32.619,28.995
173.191,116.503,32.619,28.995
173.863,116.211,33.275,29.577
173.863,116.211,33.275,29.577
174.027,116.358,32.945,29.285
174.352,115.646,32.296,28.708
174.191,115.503,32.619,28.995
174.027,115.358,32.945,29.285
173.863,115.211,33.275,29.577
173.696,116.063,33.607,29.873
173.696,116.063,33.607,29.873
173.528,115.914,33.943,30.172
173.863,117.211,33.275,29.577
174.191,117.503,32.619,28.995
173.863,117.211,33.275,29.577
173.863,117.211,33.275,29.577
173.863,117.211,33.275,29.577
173.863,117.211,33.275,29.577
174.027,117.358,32.945,29.285
173.863,117.211,33.275,29.577
173.528,116.914,33.943,30.172
173.696,118.063,33.607,29.873
173.528,117.914,33.943,30.172
173.528,117.914,33.943,30.172
173.528,117.914,33.943,30.172
173.863,118.211,33.275,29.577
173.696,118.063,33.607,29.873
174.027,118.358,32.945,29.285
173.863,118.211,33.275,29.577
174.191,118.503,32.619,28.995
174.191,118.503,32.619,28.995
174.512,118.788,31.976,28.423
174.827,119.068,31.346,27.863
174.670,117.929,31.660,28.142
173.512,117.788,31.976,28.423
173.191,117.503,32.619,28.995
173.027,117.358,32.945,29.285
173.191,117.503,32.619,28.995
173.512,117.788,31.976,28.423
173.191,117.503,32.619,28.995
172.863,117.211,33.275,29.577
172.027,117.358,32.945,29.285
171.863,118.211,33.275,29.577
171.528,117.914,33.943,30.172
171.528,117.914,33.943,30.172
170.696,118.063,33.607,29.873
171.027,118.358,32.945,29.285
171.027,118.358,32.945,29.285
170.191,119.503,32.619,28.995
169.863,119.211,33.275,29.577
170.027,118.358,32.945,29.285
169.027,118.358,32.945,29.285
168.696,118.063,33.607,29.873
167.359,117.763,34.283,30.474
166.187,117.611,34.626,30.778
166.528,117.914,33.943,30.172
166.359,117.763,34.283,30.474
164.187,117.611,34.626,30.778
164.359,117.763,34.283,30.474
164.187,117.611,34.626,30.778
164.359,117.763,34.283,30.474
163.696,118.063,33.607,29.873
163.863,118.211,33.275,29.577
164.027,118.358,32.945,29.285
162.696,118.063,33.607,29.873
162.528,117.914,33.943,30.172
162.528,117.914,33.943,30.172
162.696,118.063,33.607,29.873
162.696,118.063,33.607,29.873
162.863,118.211,33.275,29.577
162.528,117.914,33.943,30.172
162.696,118.063,33.607,29.873
162.696,118.063,33.607,29.873
162.863,118.211,33.275,29.577
163.863,118.211,33.275,29.577
163.863,118.211,33.275,29.577
164.027,118.358,32.945,29.285
163.696,118.063,33.607,29.873
163.863,118.211,33.275,29.577
163.863,117.211,33.275,29.577
164.027,117.358,32.945,29.285
163.696,117.063,33.607,29.873
163.528,116.914,33.943,30.172
163.359,116.763,34.283,30.474
163.359,116.763,34.283,30.474
163.696,117.063,33.607,29.873
163.359,116.763,34.283,30.474
163.359,116.763,34.283,30.474
163.187,116.611,34.626,30.778
163.359,116.763,34.283,30.474
163.359,116.763,34.283,30.474
164.359,117.763,34.283,30.474
164.187,117.611,34.626,30.778
164.528,117.914,33.943,30.172
164.863,118.211,33.275,29.577
164.528,117.914,33.943,30.172
164.863,116.211,33.275,29.577
164.696,116.063,33.607,29.873
166.027,118.358,32.945,29.285
165.863,118.211,33.275,29.577
165.528,117.914,33.943,30.172
165.359,117.763,34.283,30.474
165.014,117.457,34.972,31.086
164.663,119.145,35.675,31.711
164.839,119.301,35.322,31.397
165.187,118.611,34.626,30.778
164.839,118.301,35.322,31.397
164.663,119.145,35.675,31.711
164.839,119.301,35.322,31.397
165.187,119.611,34.626,30.778
165.359,118.763,34.283,30.474
165.014,118.457,34.972,31.086
165.187,118.611,34.626,30.778
165.014,118.457,34.972,31.086
164.839,119.301,35.322,31.397
164.839,119.301,35.322,31.397
164.839,119.301,35.322,31.397
165.187,119.611,34.626,30.778
165.187,119.611,34.626,30.778
165.359,119.763,34.283,30.474
165.014,119.457,34.972,31.086
165.014,119.457,34.972,31.086
165.359,118.763,34.283,30.474
165.187,118.611,34.626,30.778
166.014,118.457,34.972,31.086
166.187,118.611,34.626,30.778
166.014,118.457,34.972,31.086
165.839,118.301,35.322,31.397
165.484,117.986,36.032,32.028
165.663,118.145,35.675,31.711
166.304,118.826,36.392,32.348
166.663,119.145,35.675,31.711
166.663,119.145,35.675,31.711
166.839,119.301,35.322,31.397
167.187,118.611,34.626,30.778
166.839,118.301,35.322,31.397
166.484,118.986,36.032,32.028
166.663,119.145,35.675,31.711
167.014,119.457,34.972,31.086
166.839,119.301,35.322,31.397
167.014,119.457,34.972,31.086
166.839,119.301,35.322,31.397
167.187,119.611,34.626,30.778
167.014,119.457,34.972,31.086
165.663,119.145,35.675,31.711
165.484,118.986,36.032,32.028
165.839,119.301,35.322,31.397
165.484,118.986,36.032,32.028
164.304,119.826,36.392,32.348
164.938,119.501,37.123,32.999
165.304,119.826,36.392,32.348
164.663,119.145,35.675,31.711
164.839,119.301,35.322,31.397
164.484,119.986,36.032,32.028
164.122,119.664,36.756,32.672
163.484,118.986,36.032,32.028
163.663,119.145,35.675,31.711
162.304,119.826,36.392,32.348
162.484,119.986,36.032,32.028
162.304,119.826,36.392,32.348
161.122,119.664,36.756,32.672
161.484,119.986,36.032,32.028
160.484,119.986,36.032,32.028
160.304,119.826,36.392,32.348
159.122,119.664,36.756,32.672
158.753,119.336,37.495,33.329
159.122,119.664,36.756,32.672
158.484,119.986,36.032,32.028
158.122,119.664,36.756,32.672
157.484,119.986,36.032,32.028
157.839,122.301,35.322,31.397
156.839,121.301,35.322,31.397
156.484,120.986,36.032,32.028
155.122,120.664,36.756,32.672
155.304,120.826,36.392,32.348
154.663,121.145,35.675,31.711
153.663,121.145,35.675,31.711
153.304,120.826,36.392,32.348
152.484,119.986,36.032,32.028
151.304,119.826,36.392,32.348
151.304,119.826,36.392,32.348
151.304,119.826,36.392,32.348
150.304,119.826,36.392,32.348
149.484,119.986,36.032,32.028
149.484,119.986,36.032,32.028
148.304,119.826,36.392,32.348
146.938,119.501,37.123,32.999
147.122,119.664,36.756,32.672
145.753,118.336,37.495,33.329
145.938,118.501,37.123,32.999
144.938,119.501,37.123,32.999
145.122,119.664,36.756,32.672
144.122,119.664,36.756,32.672
144.304,119.826,36.392,32.348
143.663,119.145,35.675,31.711
143.304,118.826,36.392,32.348
143.484,119.986,36.032,32.028
142.484,119.986,36.032,32.028
142.663,120.145,35.675,31.711
141.663,119.145,35.675,31.711
141.484,118.986,36.032,32.028
141.304,118.826,36.392,32.348
140.122,119.664,36.756,32.672
139.753,119.336,37.495,33.329
139.565,118.169,37.870,33.662
138.376,118.001,38.248,33.998
138.565,118.169,37.870,33.662
137.565,118.169,37.870,33.662
137.185,117.831,38.631,34.338
136.796,117.486,39.407,35.029
136.185,117.831,38.631,34.338
136.565,118.169,37.870,33.662
136.565,118.169,37.870,33.662
135.185,117.831,38.631,34.338
135.565,118.169,37.870,33.662
135.565,118.169,37.870,33.662
134.565,118.169,37.870,33.662
134.938,118.501,37.123,32.999
133.753,118.336,37.495,33.329
133.565,118.169,37.870,33.662
133.185,117.831,38.631,34.338
131.185,117.831,38.631,34.338
132.376,118.001,38.248,33.998
130.991,117.659,39.017,34.682
131.376,118.001,38.248,33.998
130.565,118.169,37.870,33.662
130.185,117.831,38.631,34.338
129.185,117.831,38.631,34.338
128.796,117.486,39.407,35.029
128.991,117.659,39.017,34.682
127.599,117.311,39.801,35.379
127.796,116.486,39.407,35.029
127.400,117.134,40.199,35.733
125.400,116.134,40.199,35.733
125.199,115.955,40.601,36.090
125.400,117.134,40.199,35.733
123.996,116.775,41.007,36.451
124.199,116.955,40.601,36.090
123.400,117.134,40.199,35.733
123.400,117.134,40.199,35.733
122.400,117.134,40.199,35.733
122.796,117.486,39.407,35.029
121.796,116.486,39.407,35.029
121.599,116.311,39.801,35.379
119.796,116.486,39.407,35.029
119.599,116.311,39.801,35.379
119.199,115.955,40.601,36.090
118.199,115.955,40.601,36.090
116.791,115.592,41.417,36.815
117.199,115.955,40.601,36.090
116.400,115.134,40.199,35.733
115.996,114.775,41.007,36.451
115.199,115.955,40.601,36.090
114.791,115.592,41.417,36.815
114.996,116.775,41.007,36.451
113.199,116.955,40.601,36.090
113.599,117.311,39.801,35.379
112.199,117.955,40.601,36.090
110.996,117.775,41.007,36.451
111.996,117.775,41.007,36.451
111.199,116.955,40.601,36.090
109.996,116.775,41.007,36.451
110.199,116.955,40.601,36.090
109.791,115.592,41.417,36.815
109.375,116.222,42.250,37.555
108.164,116.034,42.672,37.931
108.164,116.034,42.672,37.931
108.584,116.408,41.832,37.184
107.791,116.592,41.417,36.815
107.584,116.408,41.832,37.184
107.996,116.775,41.007,36.451
107.791,116.592,41.417,36.815
106.996,116.775,41.007,36.451
106.584,117.408,41.832,37.184
106.791,117.592,41.417,36.815
107.199,117.955,40.601,36.090
105.791,117.592,41.417,36.815
105.584,117.408,41.832,37.184
105.375,117.222,42.250,37.555
104.584,116.408,41.832,37.184
104.791,115.592,41.417,36.815
105.791,115.592,41.417,36.815
105.584,116.408,41.832,37.184
104.996,116.775,41.007,36.451
104.584,116.408,41.832,37.184
104.584,116.408,41.832,37.184
104.584,116.408,41.832,37.184
104.164,117.034,42.672,37.931
104.164,117.034,42.672,37.931
103.375,116.222,42.250,37.555
103.791,116.592,41.417,36.815
103.584,116.408,41.832,37.184
103.996,116.775,41.007,36.451
103.996,116.775,41.007,36.451
104.199,116.955,40.601,36.090
103.791,116.592,41.417,36.815
102.996,116.775,41.007,36.451
102.584,115.408,41.832,37.184
102.164,115.034,42.672,37.931
102.375,115.222,42.250,37.555
102.791,115.592,41.417,36.815
101.584,114.408,41.832,37.184
102.584,114.408,41.832,37.184
102.375,114.222,42.250,37.555
100.950,114.845,43.099,38.310
101.375,115.222,42.250,37.555
101.375,116.222,42.250,37.555
101.584,116.408,41.832,37.184
101.584,116.408,41.832,37.184
101.375,115.222,42.250,37.555
100.950,114.845,43.099,38.310
101.375,115.222,42.250,37.555
100.950,114.845,43.099,38.310
99.517,115.460,43.965,39.080
99.517,115.460,43.965,39.080
99.517,115.460,43.965,39.080
100.517,115.460,43.965,39.080
99.950,114.845,43.099,38.310
100.375,115.222,42.250,37.555
99.950,114.845,43.099,38.310
99.950,113.845,43.099,38.310
100.375,114.222,42.250,37.555
99.791,115.592,41.417,36.815
100.375,115.222,42.250,37.555
99.164,115.034,42.672,37.931
99.164,115.034,42.672,37.931
99.164,115.034,42.672,37.931
99.375,115.222,42.250,37.555
99.375,115.222,42.250,37.555
97.950,113.845,43.099,38.310
98.950,113.845,43.099,38.310
98.735,114.653,43.530,38.693
99.164,115.034,42.672,37.931
98.375,115.222,42.250,37.555
97.950,114.845,43.099,38.310
98.164,115.034,42.672,37.931
98.164,115.034,42.672,37.931
97.950,114.845,43.099,38.310
97.950,113.845,43.099,38.310
98.375,114.222,42.250,37.555
98.164,114.034,42.672,37.931
98.375,114.222,42.250,37.555
97.950,113.845,43.099,38.310
97.950,113.845,43.099,38.310
97.950,113.845,43.099,38.310
97.950,113.845,43.099,38.310
97.950,113.845,43.099,38.310
97.735,113.653,43.530,38.693
98.164,114.034,42.672,37.931
98.375,114.222,42.250,37.555
97.950,113.845,43.099,38.310
96.950,113.845,43.099,38.310
97.164,114.034,42.672,37.931
96.950,113.845,43.099,38.310
97.375,114.222,42.250,37.555
97.375,114.222,42.250,37.555
97.375,114.222,42.250,37.555
97.164,114.034,42.672,37.931
95.735,113.653,43.530,38.693
95.735,113.653,43.530,38.693
95.297,114.264,44.405,39.471
95.735,114.653,43.530,38.693
95.950,114.845,43.099,38.310
95.735,114.653,43.530,38.693
95.950,114.845,43.099,38.310
95.950,114.845,43.099,38.310
95.735,115.653,43.530,38.693
95.950,115.845,43.099,38.310
95.164,116.034,42.672,37.931
94.164,117.034,42.672,37.931
94.950,116.845,43.099,38.310
95.375,117.222,42.250,37.555
95.164,116.034,42.672,37.931
93.950,116.845,43.099,38.310
94.164,117.034,42.672,37.931
93.950,116.845,43.099,38.310
94.375,117.222,42.250,37.555
93.375,116.222,42.250,37.555
93.375,116.222,42.250,37.555
93.164,116.034,42.672,37.931
92.164,116.034,42.672,37.931
92.584,117.408,41.832,37.184
92.584,117.408,41.832,37.184
92.375,117.222,42.250,37.555
91.375,117.222,42.250,37.555
92.164,117.034,42.672,37.931
91.164,118.034,42.672,37.931
90.735,117.653,43.530,38.693
91.164,118.034,42.672,37.931
90.164,117.034,42.672,37.931
90.375,117.222,42.250,37.555
90.375,117.222,42.250,37.555
90.791,119.592,41.417,36.815
91.199,119.955,40.601,36.090
91.400,119.134,40.199,35.733
91.796,120.486,39.407,35.029
91.400,120.134,40.199,35.733
90.996,119.775,41.007,36.451
91.199,118.955,40.601,36.090
91.400,118.134,40.199,35.733
90.996,117.775,41.007,36.451
89.584,118.408,41.832,37.184
89.996,118.775,41.007,36.451
89.584,118.408,41.832,37.184
89.791,118.592,41.417,36.815
89.584,118.408,41.832,37.184
89.791,118.592,41.417,36.815
89.584,118.408,41.832,37.184
89.791,118.592,41.417,36.815
89.584,117.408,41.832,37.184
89.996,115.775,41.007,36.451
89.199,115.955,40.601,36.090
89.996,117.775,41.007,36.451
90.400,117.134,40.199,35.733
90.400,117.134,40.199,35.733
90.400,117.134,40.199,35.733
90.199,116.955,40.601,36.090
89.791,115.592,41.417,36.815
89.375,115.222,42.250,37.555
89.584,115.408,41.832,37.184
89.791,115.592,41.417,36.815
90.199,115.955,40.601,36.090
89.791,115.592,41.417,36.815
89.791,115.592,41.417,36.815
89.584,115.408,41.832,37.184
89.996,115.775,41.007,36.451
90.791,115.592,41.417,36.815
90.199,115.955,40.601,36.090
91.199,115.955,40.601,36.090
90.791,115.592,41.417,36.815
90.375,116.222,42.250,37.555
90.791,116.592,41.417,36.815
90.791,115.592,41.417,36.815
90.791,115.592,41.417,36.815
90.791,114.592,41.417,36.815
91.375,116.222,42.250,37.555
91.791,115.592,41.417,36.815
91.375,115.222,42.250,37.555
91.584,115.408,41.832,37.184
91.791,115.592,41.417,36.815
93.199,115.955,40.601,36.090
93.199,115.955,40.601,36.090
92.791,116.592,41.417,36.815
93.375,116.222,42.250,37.555
93.791,116.592,41.417,36.815
93.199,115.955,40.601,36.090
93.199,115.955,40.601,36.090
93.791,115.592,41.417,36.815
93.996,115.775,41.007,36.451
93.791,115.592,41.417,36.815
93.375,115.222,42.250,37.555
94.584,115.408,41.832,37.184
94.164,116.034,42.672,37.931
94.584,116.408,41.832,37.184
94.584,116.408,41.832,37.184
94.791,116.592,41.417,36.815
95.375,115.222,42.250,37.555
95.791,115.592,41.417,36.815
95.375,116.222,42.250,37.555
95.791,116.592,41.417,36.815
96.199,116.955,40.601,36.090
95.791,116.592,41.417,36.815
95.996,116.775,41.007,36.451
96.996,116.775,41.007,36.451
97.199,116.955,40.601,36.090
97.199,116.955,40.601,36.090
97.400,117.134,40.199,35.733
97.400,117.134,40.199,35.733
97.400,116.134,40.199,35.733
96.996,116.775,41.007,36.451
96.584,116.408,41.832,37.184
96.791,116.592,41.417,36.815
98.199,116.955,40.601,36.090
98.400,117.134,40.199,35.733
98.199,116.955,40.601,36.090
98.599,117.311,39.801,35.379
98.991,117.659,39.017,34.682
98.599,117.311,39.801,35.379
98.199,117.955,40.601,36.090
98.400,118.134,40.199,35.733
97.996,116.775,41.007,36.451
99.400,117.134,40.199,35.733
98.996,117.775,41.007,36.451
99.400,118.134,40.199,35.733
99.599,118.311,39.801,35.379
99.400,117.134,40.199,35.733
99.400,116.134,40.199,35.733
100.199,115.955,40.601,36.090
100.199,116.955,40.601,36.090
100.599,117.311,39.801,35.379
100.400,117.134,40.199,35.733
99.996,117.775,41.007,36.451
100.400,118.134,40.199,35.733
100.400,118.134,40.199,35.733
101.400,118.134,40.199,35.733
101.400,118.134,40.199,35.733
101.199,117.955,40.601,36.090
101.400,118.134,40.199,35.733
100.996,116.775,41.007,36.451
101.584,118.408,41.832,37.184
101.791,118.592,41.417,36.815
102.199,118.955,40.601,36.090
102.599,118.311,39.801,35.379
103.599,117.311,39.801,35.379
102.199,117.955,40.601,36.090
102.199,117.955,40.601,36.090
102.400,118.134,40.199,35.733
102.599,118.311,39.801,35.379
102.199,117.955,40.601,36.090
101.791,117.592,41.417,36.815
102.199,117.955,40.601,36.090
102.199,117.955,40.601,36.090
101.996,117.775,41.007,36.451
101.400,118.134,40.199,35.733
102.400,118.134,40.199,35.733
102.400,118.134,40.199,35.733
102.199,117.955,40.601,36.090
101.599,118.311,39.801,35.379
101.199,117.955,40.601,36.090
101.400,118.134,40.199,35.733
100.996,117.775,41.007,36.451
100.996,117.775,41.007,36.451
101.199,117.955,40.601,36.090
100.791,117.592,41.417,36.815
101.199,117.955,40.601,36.090
101.599,118.311,39.801,35.379
101.599,118.311,39.801,35.379
100.400,118.134,40.199,35.733
99.996,117.775,41.007,36.451
100.400,118.134,40.199,35.733
100.400,118.134,40.199,35.733
100.400,119.134,40.199,35.733
99.796,119.486,39.407,35.029
99.599,120.311,39.801,35.379
99.400,121.134,40.199,35.733
100.199,120.955,40.601,36.090
99.791,119.592,41.417,36.815
100.199,119.955,40.601,36.090
101.791,119.592,41.417,36.815
101.375,118.222,42.250,37.555
101.584,118.408,41.832,37.184
99.996,118.775,41.007,36.451
99.791,118.592,41.417,36.815
101.199,119.955,40.601,36.090
101.199,119.955,40.601,36.090
100.791,119.592,41.417,36.815
100.584,120.408,41.832,37.184
100.791,120.592,41.417,36.815
100.584,120.408,41.832,37.184
100.584,120.408,41.832,37.184
101.164,119.034,42.672,37.931
101.584,120.408,41.832,37.184
99.584,120.408,41.832,37.184
100.791,119.592,41.417,36.815
101.199,119.955,40.601,36.090
101.400,120.134,40.199,35.733
100.996,119.775,41.007,36.451
100.791,119.592,41.417,36.815
100.375,119.222,42.250,37.555
99.791,118.592,41.417,36.815
99.375,118.222,42.250,37.555
100.164,118.034,42.672,37.931
100.164,118.034,42.672,37.931
99.735,117.653,43.530,38.693
98.950,117.845,43.099,38.310
98.950,117.845,43.099,38.310
98.735,117.653,43.530,38.693
99.164,118.034,42.672,37.931
98.735,118.653,43.530,38.693
98.297,117.264,44.405,39.471
98.297,117.264,44.405,39.471
97.851,115.868,45.298,40.265
98.297,116.264,44.405,39.471
98.297,116.264,44.405,39.471
98.517,116.460,43.965,39.080
98.735,115.653,43.530,38.693
98.297,116.264,44.405,39.471
98.517,116.460,43.965,39.080
98.075,116.067,44.849,39.866
97.625,115.666,45.751,40.667
97.851,115.868,45.298,40.265
98.297,117.264,44.405,39.471
98.735,117.653,43.530,38.693
98.950,117.845,43.099,38.310
98.517,117.460,43.965,39.080
98.735,117.653,43.530,38.693
98.517,117.460,43.965,39.080
98.517,116.460,43.965,39.080
98.075,116.067,44.849,39.866
98.517,116.460,43.965,39.080
98.075,116.067,44.849,39.866
98.075,117.067,44.849,39.866
98.517,117.460,43.965,39.080
98.075,117.067,44.849,39.866
98.075,117.067,44.849,39.866
98.075,117.067,44.849,39.866
97.851,116.868,45.298,40.265
98.075,117.067,44.849,39.866
98.075,117.067,44.849,39.866
98.517,118.460,43.965,39.080
98.735,118.653,43.530,38.693
98.735,118.653,43.530,38.693
98.297,119.264,44.405,39.471
98.297,119.264,44.405,39.471
96.851,118.868,45.298,40.265
97.297,118.264,44.405,39.471
97.297,117.264,44.405,39.471
97.075,117.067,44.849,39.866
97.075,117.067,44.849,39.866
96.625,116.666,45.751,40.667
96.625,116.666,45.751,40.667
96.396,117.463,46.208,41.074
96.625,117.666,45.751,40.667
96.851,119.868,45.298,40.265
96.851,118.868,45.298,40.265
97.297,119.264,44.405,39.471
96.075,118.067,44.849,39.866
95.851,117.868,45.298,40.265
96.297,117.264,44.405,39.471
96.851,117.868,45.298,40.265
96.075,118.067,44.849,39.866
96.517,118.460,43.965,39.080
96.950,118.845,43.099,38.310
96.517,118.460,43.965,39.080
96.950,118.845,43.099,38.310
96.950,118.845,43.099,38.310
97.375,119.222,42.250,37.555
95.950,118.845,43.099,38.310
96.517,117.460,43.965,39.080
96.950,117.845,43.099,38.310
96.950,117.845,43.099,38.310
96.517,117.460,43.965,39.080
96.075,117.067,44.849,39.866
96.851,116.868,45.298,40.265
96.297,117.264,44.405,39.471
97.075,117.067,44.849,39.866
96.851,117.868,45.298,40.265
96.297,118.264,44.405,39.471
97.297,117.264,44.405,39.471
97.517,117.460,43.965,39.080
97.735,117.653,43.530,38.693
98.297,117.264,44.405,39.471
96.851,116.868,45.298,40.265
98.297,117.264,44.405,39.471
97.297,117.264,44.405,39.471
98.075,117.067,44.849,39.866
98.075,117.067,44.849,39.866
98.297,117.264,44.405,39.471
99.517,117.460,43.965,39.080
99.735,117.653,43.530,38.693
99.297,117.264,44.405,39.471
99.297,117.264,44.405,39.471
99.297,117.264,44.405,39.471
99.517,117.460,43.965,39.080
100.950,118.845,43.099,38.310
100.517,118.460,43.965,39.080
100.297,118.264,44.405,39.471
101.075,118.067,44.849,39.866
100.625,117.666,45.751,40.667
101.075,118.067,44.849,39.866
101.517,118.460,43.965,39.080
101.517,118.460,43.965,39.080
102.297,118.264,44.405,39.471
102.075,119.067,44.849,39.866
102.075,119.067,44.849,39.866
102.075,119.067,44.849,39.866
102.075,119.067,44.849,39.866
102.517,119.460,43.965,39.080
102.297,119.264,44.405,39.471
103.075,119.067,44.849,39.866
102.625,118.666,45.751,40.667
102.625,118.666,45.751,40.667
102.396,117.463,46.208,41.074
102.851,117.868,45.298,40.265
102.851,117.868,45.298,40.265
103.075,118.067,44.849,39.866
103.075,118.067,44.849,39.866
102.625,117.666,45.751,40.667
102.851,117.868,45.298,40.265
102.625,117.666,45.751,40.667
102.625,117.666,45.751,40.667
104.075,118.067,44.849,39.866
103.625,117.666,45.751,40.667
104.075,118.067,44.849,39.866
103.851,117.868,45.298,40.265
104.075,117.067,44.849,39.866
104.075,117.067,44.849,39.866
104.075,117.067,44.849,39.866
103.851,116.868,45.298,40.265
103.851,116.868,45.298,40.265
103.396,116.463,46.208,41.074
103.851,116.868,45.298,40.265
104.075,118.067,44.849,39.866
104.075,118.067,44.849,39.866
103.625,118.666,45.751,40.667
103.396,118.463,46.208,41.074
103.625,118.666,45.751,40.667
103.625,119.666,45.751,40.667
102.165,119.258,46.670,41.485
102.625,119.666,45.751,40.667
102.851,119.868,45.298,40.265
102.851,119.868,45.298,40.265
101.625,119.666,45.751,40.667
101.165,119.258,46.670,41.485
100.396,120.463,46.208,41.074
99.851,120.868,45.298,40.265
99.625,120.666,45.751,40.667
100.075,121.067,44.849,39.866
98.517,121.460,43.965,39.080
98.297,121.264,44.405,39.471
97.851,120.868,45.298,40.265
96.625,120.666,45.751,40.667
95.625,120.666,45.751,40.667
96.075,121.067,44.849,39.866
96.075,121.067,44.849,39.866
95.851,120.868,45.298,40.265
95.396,120.463,46.208,41.074
94.851,120.868,45.298,40.265
94.396,120.463,46.208,41.074
93.625,120.666,45.751,40.667
93.165,120.258,46.670,41.485
93.165,121.258,46.670,41.485
93.165,121.258,46.670,41.485
91.932,121.050,47.137,41.899
92.396,120.463,46.208,41.074
92.396,120.463,46.208,41.074
92.625,120.666,45.751,40.667
91.625,120.666,45.751,40.667
91.396,120.463,46.208,41.074
91.396,120.463,46.208,41.074
90.932,120.050,47.137,41.899
90.696,119.841,47.608,42.318
89.696,119.841,47.608,42.318
90.165,120.258,46.670,41.485
89.696,119.841,47.608,42.318
89.932,120.050,47.137,41.899
88.458,119.629,48.084,42.742
88.458,118.629,48.084,42.742
88.932,119.050,47.137,41.899
89.396,119.463,46.208,41.074
88.932,119.050,47.137,41.899
88.932,119.050,47.137,41.899
88.932,119.050,47.137,41.899
89.396,119.463,46.208,41.074
88.851,119.868,45.298,40.265
89.297,120.264,44.405,39.471
89.735,120.653,43.530,38.693
89.297,120.264,44.405,39.471
89.075,120.067,44.849,39.866
88.625,119.666,45.751,40.667
88.165,119.258,46.670,41.485
88.625,119.666,45.751,40.667
88.165,119.258,46.670,41.485
87.932,119.050,47.137,41.899
88.165,119.258,46.670,41.485
87.932,119.050,47.137,41.899
87.696,118.841,47.608,42.318
87.932,120.050,47.137,41.899
87.696,119.841,47.608,42.318
87.696,119.841,47.608,42.318
89.165,121.258,46.670,41.485
89.165,121.258,46.670,41.485
88.625,122.666,45.751,40.667
88.165,123.258,46.670,41.485
87.696,122.841,47.608,42.318
88.217,121.415,48.565,43.169
88.696,121.841,47.608,42.318
88.932,122.050,47.137,41.899
88.458,121.629,48.084,42.742
88.458,121.629,48.084,42.742
88.458,121.629,48.084,42.742
88.458,121.629,48.084,42.742
88.217,121.415,48.565,43.169
88.696,122.841,47.608,42.318
88.932,123.050,47.137,41.899
88.458,122.629,48.084,42.742
87.975,121.200,49.051,43.601
88.482,118.761,50.037,44.477
88.975,119.200,49.051,43.601
89.217,119.415,48.565,43.169
87.975,119.200,49.051,43.601
88.458,119.629,48.084,42.742
88.458,119.629,48.084,42.742
88.458,119.629,48.084,42.742
88.458,119.629,48.084,42.742
87.975,119.200,49.051,43.601
88.458,119.629,48.084,42.742
88.932,121.050,47.137,41.899
88.932,121.050,47.137,41.899
88.932,121.050,47.137,41.899
88.458,120.629,48.084,42.742
88.932,121.050,47.137,41.899
88.165,121.258,46.670,41.485
87.696,119.841,47.608,42.318
87.458,119.629,48.084,42.742
87.932,120.050,47.137,41.899
87.932,120.050,47.137,41.899
87.696,119.841,47.608,42.318
87.458,119.629,48.084,42.742
87.932,120.050,47.137,41.899
87.932,120.050,47.137,41.899
87.932,120.050,47.137,41.899
87.932,120.050,47.137,41.899
87.932,120.050,47.137,41.899
87.458,119.629,48.084,42.742
86.458,119.629,48.084,42.742
86.217,119.415,48.565,43.169
86.696,119.841,47.608,42.318
86.458,119.629,48.084,42.742
86.932,120.050,47.137,41.899
87.396,119.463,46.208,41.074
86.932,119.050,47.137,41.899
85.932,120.050,47.137,41.899
85.696,119.841,47.608,42.318
85.696,119.841,47.608,42.318
85.696,119.841,47.608,42.318
86.165,120.258,46.670,41.485
86.165,120.258,46.670,41.485
86.165,119.258,46.670,41.485
85.696,118.841,47.608,42.318
85.217,118.415,48.565,43.169
85.696,118.841,47.608,42.318
85.696,118.841,47.608,42.318
85.458,118.629,48.084,42.742
84.932,118.050,47.137,41.899
84.458,117.629,48.084,42.742
84.696,118.841,47.608,42.318
84.458,118.629,48.084,42.742
84.696,118.841,47.608,42.318
85.165,119.258,46.670,41.485
84.932,120.050,47.137,41.899
84.458,119.629,48.084,42.742
83.217,119.415,48.565,43.169
83.696,119.841,47.608,42.318
83.458,119.629,48.084,42.742
83.458,119.629,48.084,42.742
83.458,119.629,48.084,42.742
83.696,119.841,47.608,42.318
83.217,119.415,48.565,43.169
83.458,119.629,48.084,42.742
83.217,119.415,48.565,43.169
83.696,119.841,47.608,42.318
83.458,119.629,48.084,42.742
83.458,119.629,48.084,42.742
83.217,119.415,48.565,43.169
83.696,119.841,47.608,42.318
83.932,120.050,47.137,41.899
83.458,119.629,48.084,42.742
82.975,119.200,49.051,43.601
83.217,119.415,48.565,43.169
82.975,119.200,49.051,43.601
84.458,119.629,48.084,42.742
83.975,119.200,49.051,43.601
84.458,119.629,48.084,42.742
83.975,119.200,49.051,43.601
83.975,120.200,49.051,43.601
83.975,120.200,49.051,43.601
85.458,120.629,48.084,42.742
84.932,121.050,47.137,41.899
84.458,120.629,48.084,42.742
85.932,120.050,47.137,41.899
85.932,120.050,47.137,41.899
85.165,120.258,46.670,41.485
85.696,119.841,47.608,42.318
85.217,119.415,48.565,43.169
85.217,119.415,48.565,43.169
84.729,118.982,49.541,44.037
84.975,119.200,49.051,43.601
85.458,119.629,48.084,42.742
85.217,119.415,48.565,43.169
85.217,119.415,48.565,43.169
85.458,119.629,48.084,42.742
85.217,119.415,48.565,43.169
84.729,119.982,49.541,44.037
84.975,120.200,49.051,43.601
84.975,120.200,49.051,43.601
85.217,120.415,48.565,43.169
84.729,120.982,49.541,44.037
85.217,121.415,48.565,43.169
85.458,121.629,48.084,42.742
84.975,120.200,49.051,43.601
85.217,120.415,48.565,43.169
85.458,120.629,48.084,42.742
84.975,120.200,49.051,43.601
84.975,120.200,49.051,43.601
85.458,120.629,48.084,42.742
84.975,120.200,49.051,43.601
84.975,120.200,49.051,43.601
85.458,120.629,48.084,42.742
85.217,120.415,48.565,43.169
85.696,120.841,47.608,42.318
86.165,122.258,46.670,41.485
86.396,122.463,46.208,41.074
85.932,122.050,47.137,41.899
85.696,121.841,47.608,42.318
85.458,121.629,48.084,42.742
85.932,122.050,47.137,41.899
84.696,120.841,47.608,42.318
85.165,121.258,46.670,41.485
84.696,120.841,47.608,42.318
84.458,120.629,48.084,42.742
84.458,120.629,48.084,42.742
84.458,120.629,48.084,42.742
84.217,120.415,48.565,43.169
84.458,120.629,48.084,42.742
84.458,120.629,48.084,42.742
84.217,120.415,48.565,43.169
84.217,120.415,48.565,43.169
84.458,120.629,48.084,42.742
84.217,120.415,48.565,43.169
83.729,119.982,49.541,44.037
84.217,121.415,48.565,43.169
83.729,120.982,49.541,44.037
84.217,121.415,48.565,43.169
84.458,121.629,48.084,42.742
84.217,121.415,48.565,43.169
83.975,121.200,49.051,43.601
84.217,121.415,48.565,43.169
84.217,121.415,48.565,43.169
84.458,121.629,48.084,42.742
84.696,122.841,47.608,42.318
84.458,122.629,48.084,42.742
85.458,122.629,48.084,42.742
85.932,123.050,47.137,41.899
85.932,123.050,47.137,41.899
85.458,122.629,48.084,42.742
85.458,122.629,48.084,42.742
85.696,122.841,47.608,42.318
85.458,122.629,48.084,42.742
85.458,122.629,48.084,42.742
84.975,122.200,49.051,43.601
86.458,122.629,48.084,42.742
86.932,122.050,47.137,41.899
86.932,121.050,47.137,41.899
86.458,120.629,48.084,42.742
85.975,120.200,49.051,43.601
86.217,120.415,48.565,43.169
86.458,120.629,48.084,42.742
87.458,121.629,48.084,42.742
87.217,121.415,48.565,43.169
87.217,121.415,48.565,43.169
87.696,121.841,47.608,42.318
87.458,121.629,48.084,42.742
87.975,121.200,49.051,43.601
87.975,120.200,49.051,43.601
87.458,120.629,48.084,42.742
87.975,120.200,49.051,43.601
88.458,120.629,48.084,42.742
88.458,120.629,48.084,42.742
88.458,120.629,48.084,42.742
87.975,120.200,49.051,43.601
88.217,120.415,48.565,43.169
88.975,121.200,49.051,43.601
87.975,121.200,49.051,43.601
87.975,121.200,49.051,43.601
87.975,121.200,49.051,43.601
88.217,121.415,48.565,43.169
89.217,122.415,48.565,43.169
89.696,122.841,47.608,42.318
89.932,123.050,47.137,41.899
89.696,122.841,47.608,42.318
90.165,123.258,46.670,41.485
90.932,123.050,47.137,41.899
90.458,122.629,48.084,42.742
90.458,122.629,48.084,42.742
89.975,122.200,49.051,43.601
89.975,122.200,49.051,43.601
90.458,122.629,48.084,42.742
90.458,122.629,48.084,42.742
90.458,122.629,48.084,42.742
90.217,122.415,48.565,43.169
90.696,122.841,47.608,42.318
90.458,122.629,48.084,42.742
90.458,122.629,48.084,42.742
90.458,122.629,48.084,42.742
90.217,121.415,48.565,43.169
90.217,121.415,48.565,43.169
89.975,121.200,49.051,43.601
90.458,121.629,48.084,42.742
90.217,121.415,48.565,43.169
91.458,121.629,48.084,42.742
91.458,121.629,48.084,42.742
91.458,121.629,48.084,42.742
91.458,121.629,48.084,42.742
90.975,121.200,49.051,43.601
91.458,121.629,48.084,42.742
91.932,122.050,47.137,41.899
91.932,122.050,47.137,41.899
92.165,122.258,46.670,41.485
90.696,121.841,47.608,42.318
90.932,122.050,47.137,41.899
90.696,121.841,47.608,42.318
90.932,122.050,47.137,41.899
91.396,122.463,46.208,41.074
90.932,122.050,47.137,41.899
91.165,122.258,46.670,41.485
91.625,122.666,45.751,40.667
91.165,122.258,46.670,41.485
90.396,122.463,46.208,41.074
90.625,122.666,45.751,40.667
90.165,122.258,46.670,41.485
90.165,122.258,46.670,41.485
90.165,122.258,46.670,41.485
89.932,122.050,47.137,41.899
89.932,122.050,47.137,41.899
89.696,121.841,47.608,42.318
89.932,122.050,47.137,41.899
90.165,122.258,46.670,41.485
89.932,122.050,47.137,41.899
90.396,122.463,46.208,41.074
90.165,122.258,46.670,41.485
90.165,122.258,46.670,41.485
89.696,121.841,47.608,42.318
89.932,122.050,47.137,41.899
90.396,122.463,46.208,41.074
89.851,122.868,45.298,40.265
89.851,122.868,45.298,40.265
89.625,122.666,45.751,40.667
89.165,122.258,46.670,41.485
88.932,122.050,47.137,41.899
88.932,122.050,47.137,41.899
88.696,121.841,47.608,42.318
88.458,121.629,48.084,42.742
88.458,122.629,48.084,42.742
88.932,123.050,47.137,41.899
89.396,123.463,46.208,41.074
89.851,123.868,45.298,40.265
90.075,124.067,44.849,39.866
90.075,124.067,44.849,39.866
89.625,123.666,45.751,40.667
89.625,123.666,45.751,40.667
90.075,124.067,44.849,39.866
90.075,124.067,44.849,39.866
90.075,124.067,44.849,39.866
89.625,123.666,45.751,40.667
90.075,125.067,44.849,39.866
89.625,124.666,45.751,40.667
90.075,125.067,44.849,39.866
89.625,123.666,45.751,40.667
89.851,123.868,45.298,40.265
90.075,124.067,44.849,39.866
90.075,124.067,44.849,39.866
89.517,124.460,43.965,39.080
89.075,124.067,44.849,39.866
89.851,123.868,45.298,40.265
88.625,123.666,45.751,40.667
89.075,124.067,44.849,39.866
88.851,123.868,45.298,40.265
88.851,123.868,45.298,40.265
89.297,124.264,44.405,39.471
89.297,123.264,44.405,39.471
88.851,122.868,45.298,40.265
88.396,122.463,46.208,41.074
87.932,122.050,47.137,41.899
88.458,121.629,48.084,42.742
88.217,120.415,48.565,43.169
88.696,120.841,47.608,42.318
88.932,121.050,47.137,41.899
89.396,121.463,46.208,41.074
89.851,121.868,45.298,40.265
88.396,121.463,46.208,41.074
88.165,121.258,46.670,41.485
87.696,120.841,47.608,42.318
88.165,121.258,46.670,41.485
88.165,121.258,46.670,41.485
88.396,121.463,46.208,41.074
88.625,121.666,45.751,40.667
88.075,121.067,44.849,39.866
88.625,119.666,45.751,40.667
88.165,119.258,46.670,41.485
88.165,119.258,46.670,41.485
88.165,119.258,46.670,41.485
88.625,119.666,45.751,40.667
88.396,119.463,46.208,41.074
87.851,122.868,45.298,40.265
87.851,122.868,45.298,40.265
87.851,122.868,45.298,40.265
87.625,122.666,45.751,40.667
88.075,123.067,44.849,39.866
87.297,123.264,44.405,39.471
87.851,121.868,45.298,40.265
88.297,122.264,44.405,39.471
87.735,122.653,43.530,38.693
87.297,122.264,44.405,39.471
87.297,122.264,44.405,39.471
87.075,122.067,44.849,39.866
86.625,121.666,45.751,40.667
85.396,121.463,46.208,41.074
85.165,121.258,46.670,41.485
85.165,121.258,46.670,41.485
85.625,121.666,45.751,40.667
85.165,121.258,46.670,41.485
84.625,121.666,45.751,40.667
85.075,122.067,44.849,39.866
85.297,122.264,44.405,39.471
84.851,121.868,45.298,40.265
84.075,122.067,44.849,39.866
84.517,122.460,43.965,39.080
84.517,122.460,43.965,39.080
83.950,122.845,43.099,38.310
84.375,123.222,42.250,37.555
83.584,122.408,41.832,37.184
83.164,122.034,42.672,37.931
82.735,121.653,43.530,38.693
82.164,125.034,42.672,37.931
81.735,124.653,43.530,38.693
81.517,124.460,43.965,39.080
80.735,124.653,43.530,38.693
80.517,124.460,43.965,39.080
80.297,123.264,44.405,39.471
79.297,122.264,44.405,39.471
79.735,121.653,43.530,38.693
79.297,121.264,44.405,39.471
77.851,120.868,45.298,40.265
77.851,120.868,45.298,40.265
77.075,121.067,44.849,39.866
76.851,122.868,45.298,40.265
77.075,123.067,44.849,39.866
77.297,123.264,44.405,39.471
77.517,123.460,43.965,39.080
76.950,123.845,43.099,38.310
76.375,124.222,42.250,37.555
75.950,123.845,43.099,38.310
74.735,123.653,43.530,38.693
74.735,122.653,43.530,38.693
75.164,123.034,42.672,37.931
74.375,123.222,42.250,37.555
74.164,123.034,42.672,37.931
74.584,123.408,41.832,37.184
73.164,121.034,42.672,37.931
72.950,120.845,43.099,38.310
72.375,121.222,42.250,37.555
72.584,121.408,41.832,37.184
72.164,121.034,42.672,37.931
71.375,121.222,42.250,37.555
69.950,120.845,43.099,38.310
69.735,120.653,43.530,38.693
69.164,121.034,42.672,37.931
69.164,121.034,42.672,37.931
68.950,120.845,43.099,38.310
69.164,121.034,42.672,37.931
69.164,120.034,42.672,37.931
68.735,118.653,43.530,38.693
68.164,119.034,42.672,37.931
68.375,119.222,42.250,37.555
68.584,119.408,41.832,37.184
67.375,120.222,42.250,37.555
66.950,119.845,43.099,38.310
67.164,120.034,42.672,37.931
68.584,119.408,41.832,37.184
67.996,119.775,41.007,36.451
67.791,119.592,41.417,36.815
66.375,119.222,42.250,37.555
65.950,118.845,43.099,38.310
65.375,118.222,42.250,37.555
66.375,118.222,42.250,37.555
65.950,118.845,43.099,38.310
64.950,118.845,43.099,38.310
65.375,119.222,42.250,37.555
65.164,118.034,42.672,37.931
65.164,118.034,42.672,37.931
65.584,118.408,41.832,37.184
65.791,118.592,41.417,36.815
64.375,118.222,42.250,37.555
64.375,118.222,42.250,37.555
64.375,118.222,42.250,37.555
63.584,118.408,41.832,37.184
63.791,118.592,41.417,36.815
64.199,118.955,40.601,36.090
63.791,118.592,41.417,36.815
63.996,118.775,41.007,36.451
63.996,117.775,41.007,36.451
62.584,117.408,41.832,37.184
62.164,118.034,42.672,37.931
61.950,117.845,43.099,38.310
62.164,118.034,42.672,37.931
62.164,118.034,42.672,37.931
61.584,118.408,41.832,37.184
61.584,118.408,41.832,37.184
61.584,118.408,41.832,37.184
61.584,118.408,41.832,37.184
61.584,118.408,41.832,37.184
61.375,118.222,42.250,37.555
60.375,118.222,42.250,37.555
60.164,118.034,42.672,37.931
60.164,119.034,42.672,37.931
59.950,118.845,43.099,38.310
59.735,118.653,43.530,38.693
60.164,117.034,42.672,37.931
59.375,117.222,42.250,37.555
59.164,117.034,42.672,37.931
58.164,117.034,42.672,37.931
58.164,117.034,42.672,37.931
56.950,117.845,43.099,38.310
57.735,117.653,43.530,38.693
57.164,118.034,42.672,37.931
57.375,118.222,42.250,37.555
57.584,118.408,41.832,37.184
57.584,118.408,41.832,37.184
56.996,118.775,41.007,36.451
57.199,118.955,40.601,36.090
57.199,118.955,40.601,36.090
57.599,119.311,39.801,35.379
57.599,119.311,39.801,35.379
57.400,119.134,40.199,35.733
56.199,118.955,40.601,36.090
55.791,118.592,41.417,36.815
56.199,118.955,40.601,36.090
56.599,120.311,39.801,35.379
57.199,119.955,40.601,36.090
56.599,120.311,39.801,35.379
56.199,119.955,40.601,36.090
56.199,119.955,40.601,36.090
56.199,119.955,40.601,36.090
56.199,119.955,40.601,36.090
56.599,120.311,39.801,35.379
55.400,120.134,40.199,35.733
55.199,119.955,40.601,36.090
55.199,119.955,40.601,36.090
55.199,119.955,40.601,36.090
54.996,119.775,41.007,36.451
55.400,120.134,40.199,35.733
55.400,120.134,40.199,35.733
54.996,119.775,41.007,36.451
54.791,118.592,41.417,36.815
53.996,118.775,41.007,36.451
54.400,119.134,40.199,35.733
54.199,119.955,40.601,36.090
54.400,120.134,40.199,35.733
55.199,119.955,40.601,36.090
54.791,118.592,41.417,36.815
54.996,118.775,41.007,36.451
55.199,118.955,40.601,36.090
55.599,118.311,39.801,35.379
55.199,117.955,40.601,36.090
55.400,118.134,40.199,35.733
55.400,118.134,40.199,35.733
54.400,118.134,40.199,35.733
54.996,117.775,41.007,36.451
55.199,117.955,40.601,36.090
55.791,116.592,41.417,36.815
54.996,116.775,41.007,36.451
55.199,116.955,40.601,36.090
54.996,117.775,41.007,36.451
55.199,117.955,40.601,36.090
54.996,117.775,41.007,36.451
55.400,118.134,40.199,35.733
55.400,118.134,40.199,35.733
56.400,118.134,40.199,35.733
56.796,118.486,39.407,35.029
56.796,118.486,39.407,35.029
55.599,119.311,39.801,35.379
55.991,119.659,39.017,34.682
56.796,119.486,39.407,35.029
56.400,119.134,40.199,35.733
56.400,119.134,40.199,35.733
55.996,118.775,41.007,36.451
56.199,118.955,40.601,36.090
56.400,119.134,40.199,35.733
56.400,119.134,40.199,35.733
56.796,120.486,39.407,35.029
56.599,120.311,39.801,35.379
56.400,120.134,40.199,35.733
56.599,120.311,39.801,35.379
56.599,120.311,39.801,35.379
56.199,119.955,40.601,36.090
56.599,120.311,39.801,35.379
56.199,119.955,40.601,36.090
56.599,120.311,39.801,35.379
56.599,120.311,39.801,35.379
56.599,120.311,39.801,35.379
56.599,120.311,39.801,35.379
56.599,120.311,39.801,35.379
56.599,120.311,39.801,35.379
56.599,120.311,39.801,35.379
56.796,119.486,39.407,35.029
56.796,119.486,39.407,35.029
56.796,119.486,39.407,35.029
56.599,119.311,39.801,35.379
56.599,119.311,39.801,35.379
56.599,119.311,39.801,35.379
56.796,119.486,39.407,35.029
58.185,119.831,38.631,34.338
58.185,119.831,38.631,34.338
57.796,119.486,39.407,35.029
57.796,119.486,39.407,35.029
57.400,119.134,40.199,35.733
57.199,118.955,40.601,36.090
57.199,118.955,40.601,36.090
57.599,119.311,39.801,35.379
57.599,119.311,39.801,35.379
57.599,119.311,39.801,35.379
58.991,119.659,39.017,34.682
58.991,119.659,39.017,34.682
58.796,119.486,39.407,35.029
59.185,119.831,38.631,34.338
58.991,119.659,39.017,34.682
58.599,120.311,39.801,35.379
58.199,119.955,40.601,36.090
59.599,119.311,39.801,35.379
58.796,118.486,39.407,35.029
59.796,118.486,39.407,35.029
58.796,118.486,39.407,35.029
58.796,118.486,39.407,35.029
59.599,118.311,39.801,35.379
59.796,118.486,39.407,35.029
58.599,118.311,39.801,35.379
59.796,118.486,39.407,35.029
59.599,118.311,39.801,35.379
59.599,119.311,39.801,35.379
59.199,118.955,40.601,36.090
60.599,118.311,39.801,35.379
60.599,118.311,39.801,35.379
60.991,118.659,39.017,34.682
61.185,118.831,38.631,34.338
60.796,118.486,39.407,35.029
60.991,119.659,39.017,34.682
60.599,119.311,39.801,35.379
60.400,119.134,40.199,35.733
61.599,119.311,39.801,35.379
61.400,119.134,40.199,35.733
61.400,119.134,40.199,35.733
61.400,119.134,40.199,35.733
61.400,119.134,40.199,35.733
61.599,119.311,39.801,35.379
62.400,119.134,40.199,35.733
62.599,119.311,39.801,35.379
62.599,119.311,39.801,35.379
61.400,119.134,40.199,35.733
61.996,118.775,41.007,36.451
60.996,118.775,41.007,36.451
61.584,118.408,41.832,37.184
61.584,118.408,41.832,37.184
61.164,118.034,42.672,37.931
61.584,118.408,41.832,37.184
61.791,118.592,41.417,36.815
61.996,118.775,41.007,36.451
62.400,119.134,40.199,35.733
62.796,119.486,39.407,35.029
63.185,118.831,38.631,34.338
61.796,118.486,39.407,35.029
61.599,117.311,39.801,35.379
61.400,117.134,40.199,35.733
61.199,116.955,40.601,36.090
61.400,117.134,40.199,35.733
60.599,117.311,39.801,35.379
60.400,117.134,40.199,35.733
60.599,117.311,39.801,35.379
60.400,117.134,40.199,35.733
61.796,118.486,39.407,35.029
61.185,119.831,38.631,34.338
60.796,119.486,39.407,35.029
60.599,119.311,39.801,35.379
60.796,119.486,39.407,35.029
60.796,119.486,39.407,35.029
60.599,119.311,39.801,35.379
60.400,119.134,40.199,35.733
60.599,118.311,39.801,35.379
60.400,118.134,40.199,35.733
60.599,118.311,39.801,35.379
60.599,118.311,39.801,35.379
60.599,118.311,39.801,35.379
60.400,117.134,40.199,35.733
61.796,116.486,39.407,35.029
60.400,116.134,40.199,35.733
60.599,116.311,39.801,35.379
60.400,116.134,40.199,35.733
60.796,117.486,39.407,35.029
60.796,118.486,39.407,35.029
60.400,118.134,40.199,35.733
60.599,118.311,39.801,35.379
60.991,119.659,39.017,34.682
61.796,119.486,39.407,35.029
59.991,120.659,39.017,34.682
60.599,120.311,39.801,35.379
60.599,120.311,39.801,35.379
60.599,120.311,39.801,35.379
60.991,121.659,39.017,34.682
60.991,121.659,39.017,34.682
60.599,120.311,39.801,35.379
60.599,120.311,39.801,35.379
62.400,120.134,40.199,35.733
63.599,120.311,39.801,35.379
64.599,119.311,39.801,35.379
62.991,120.659,39.017,34.682
63.599,118.311,39.801,35.379
63.796,118.486,39.407,35.029
63.185,119.831,38.631,34.338
62.565,121.169,37.870,33.662
65.185,114.831,38.631,34.338
64.796,118.486,39.407,35.029
61.599,118.311,39.801,35.379
60.199,118.955,40.601,36.090
62.599,118.311,39.801,35.379
62.400,118.134,40.199,35.733
60.996,117.775,41.007,36.451
61.199,117.955,40.601,36.090
61.199,117.955,40.601,36.090
61.199,117.955,40.601,36.090
61.199,118.955,40.601,36.090
62.599,118.311,39.801,35.379
62.400,119.134,40.199,35.733
61.996,118.775,41.007,36.451
62.400,119.134,40.199,35.733
62.599,118.311,39.801,35.379
62.991,119.659,39.017,34.682
63.185,119.831,38.631,34.338
62.991,119.659,39.017,34.682
62.991,118.659,39.017,34.682
63.376,120.001,38.248,33.998
61.991,118.659,39.017,34.682
62.376,120.001,38.248,33.998
62.991,119.659,39.017,34.682
63.796,119.486,39.407,35.029
62.796,119.486,39.407,35.029
62.796,119.486,39.407,35.029
64.185,120.831,38.631,34.338
62.991,119.659,39.017,34.682
63.376,121.001,38.248,33.998
62.991,120.659,39.017,34.682
64.185,119.831,38.631,34.338
62.991,119.659,39.017,34.682
62.376,121.001,38.248,33.998
61.991,120.659,39.017,34.682
62.599,120.311,39.801,35.379
62.199,119.955,40.601,36.090
62.199,119.955,40.601,36.090
62.400,119.134,40.199,35.733
62.796,119.486,39.407,35.029
62.400,119.134,40.199,35.733
61.400,119.134,40.199,35.733
61.796,119.486,39.407,35.029
61.991,119.659,39.017,34.682
62.599,119.311,39.801,35.379
61.796,120.486,39.407,35.029
61.400,120.134,40.199,35.733
60.996,119.775,41.007,36.451
62.400,120.134,40.199,35.733
62.199,119.955,40.601,36.090
61.791,119.592,41.417,36.815
60.584,119.408,41.832,37.184
60.584,119.408,41.832,37.184
61.164,119.034,42.672,37.931
59.735,118.653,43.530,38.693
59.950,118.845,43.099,38.310
60.735,119.653,43.530,38.693
60.164,121.034,42.672,37.931
60.584,121.408,41.832,37.184
60.375,121.222,42.250,37.555
61.375,120.222,42.250,37.555
60.164,120.034,42.672,37.931
60.584,120.408,41.832,37.184
60.584,120.408,41.832,37.184
60.164,120.034,42.672,37.931
60.164,119.034,42.672,37.931
60.164,118.034,42.672,37.931
60.584,118.408,41.832,37.184
59.584,118.408,41.832,37.184
59.584,119.408,41.832,37.184
59.164,118.034,42.672,37.931
59.164,117.034,42.672,37.931
60.584,116.408,41.832,37.184
59.375,116.222,42.250,37.555
58.950,115.845,43.099,38.310
58.950,115.845,43.099,38.310
59.375,117.222,42.250,37.555
59.375,117.222,42.250,37.555
58.950,116.845,43.099,38.310
59.375,117.222,42.250,37.555
59.584,118.408,41.832,37.184
59.375,118.222,42.250,37.555
58.950,117.845,43.099,38.310
59.164,118.034,42.672,37.931
58.950,117.845,43.099,38.310
58.950,117.845,43.099,38.310
59.164,118.034,42.672,37.931
58.735,117.653,43.530,38.693
58.950,117.845,43.099,38.310
58.950,116.845,43.099,38.310
58.375,116.222,42.250,37.555
56.950,115.845,43.099,38.310
57.164,117.034,42.672,37.931
57.584,117.408,41.832,37.184
57.164,117.034,42.672,37.931
57.950,116.845,43.099,38.310
58.375,118.222,42.250,37.555
58.791,118.592,41.417,36.815
58.791,118.592,41.417,36.815
58.791,118.592,41.417,36.815
58.584,118.408,41.832,37.184
58.584,118.408,41.832,37.184
58.791,119.592,41.417,36.815
59.199,119.955,40.601,36.090
59.791,119.592,41.417,36.815
59.996,120.775,41.007,36.451
59.791,120.592,41.417,36.815
60.996,120.775,41.007,36.451
59.791,118.592,41.417,36.815
59.375,118.222,42.250,37.555
59.164,118.034,42.672,37.931
58.735,117.653,43.530,38.693
59.164,118.034,42.672,37.931
58.375,118.222,42.250,37.555
57.950,118.845,43.099,38.310
58.164,119.034,42.672,37.931
58.164,120.034,42.672,37.931
57.950,120.845,43.099,38.310
60.164,121.034,42.672,37.931
61.584,121.408,41.832,37.184
61.996,119.775,41.007,36.451
61.996,118.775,41.007,36.451
61.584,116.408,41.832,37.184
62.164,116.034,42.672,37.931
61.735,115.653,43.530,38.693
61.735,115.653,43.530,38.693
61.950,115.845,43.099,38.310
61.735,115.653,43.530,38.693
61.297,115.264,44.405,39.471
61.851,114.868,45.298,40.265
62.297,115.264,44.405,39.471
62.735,115.653,43.530,38.693
62.950,115.845,43.099,38.310
63.517,115.460,43.965,39.080
63.950,115.845,43.099,38.310
63.735,116.653,43.530,38.693
63.950,116.845,43.099,38.310
63.517,116.460,43.965,39.080
63.075,115.067,44.849,39.866
62.851,114.868,45.298,40.265
62.625,114.666,45.751,40.667
63.075,115.067,44.849,39.866
63.075,116.067,44.849,39.866
62.851,114.868,45.298,40.265
63.297,116.264,44.405,39.471
64.735,116.653,43.530,38.693
64.297,116.264,44.405,39.471
64.075,116.067,44.849,39.866
64.075,116.067,44.849,39.866
64.075,116.067,44.849,39.866
64.517,116.460,43.965,39.080
64.075,116.067,44.849,39.866
64.297,116.264,44.405,39.471
64.735,116.653,43.530,38.693
64.517,116.460,43.965,39.080
64.075,116.067,44.849,39.866
63.851,116.868,45.298,40.265
64.075,117.067,44.849,39.866
64.075,117.067,44.849,39.866
64.851,116.868,45.298,40.265
65.075,116.067,44.849,39.866
65.075,116.067,44.849,39.866
64.851,116.868,45.298,40.265
65.625,116.666,45.751,40.667
65.625,116.666,45.751,40.667
65.851,117.868,45.298,40.265
67.075,118.067,44.849,39.866
67.517,118.460,43.965,39.080
67.297,118.264,44.405,39.471
66.851,117.868,45.298,40.265
68.297,118.264,44.405,39.471
68.075,118.067,44.849,39.866
68.517,118.460,43.965,39.080
67.735,118.653,43.530,38.693
67.517,118.460,43.965,39.080
67.517,118.460,43.965,39.080
67.075,118.067,44.849,39.866
66.297,118.264,44.405,39.471
66.735,118.653,43.530,38.693
66.950,119.845,43.099,38.310
66.517,119.460,43.965,39.080
66.950,119.845,43.099,38.310
66.735,119.653,43.530,38.693
66.950,119.845,43.099,38.310
66.735,120.653,43.530,38.693
66.735,120.653,43.530,38.693
66.735,119.653,43.530,38.693
66.297,119.264,44.405,39.471
65.297,119.264,44.405,39.471
64.851,118.868,45.298,40.265
65.297,119.264,44.405,39.471
65.517,119.460,43.965,39.080
66.517,120.460,43.965,39.080
66.735,120.653,43.530,38.693
67.164,121.034,42.672,37.931
66.950,118.845,43.099,38.310
66.950,118.845,43.099,38.310
68.164,119.034,42.672,37.931
67.735,119.653,43.530,38.693
67.297,119.264,44.405,39.471
67.735,119.653,43.530,38.693
67.297,119.264,44.405,39.471
67.297,119.264,44.405,39.471
66.851,118.868,45.298,40.265
67.075,119.067,44.849,39.866
66.625,118.666,45.751,40.667
67.075,119.067,44.849,39.866
66.625,117.666,45.751,40.667
66.396,116.463,46.208,41.074
66.165,116.258,46.670,41.485
66.396,117.463,46.208,41.074
67.851,118.868,45.298,40.265
68.075,118.067,44.849,39.866
68.517,118.460,43.965,39.080
67.075,118.067,44.849,39.866
68.297,118.264,44.405,39.471
68.297,118.264,44.405,39.471
68.735,118.653,43.530,38.693
68.517,118.460,43.965,39.080
68.950,117.845,43.099,38.310
68.517,117.460,43.965,39.080
68.075,117.067,44.849,39.866
68.075,117.067,44.849,39.866
66.625,116.666,45.751,40.667
66.851,116.868,45.298,40.265
66.851,116.868,45.298,40.265
66.851,116.868,45.298,40.265
67.297,120.264,44.405,39.471
67.075,120.067,44.849,39.866
67.297,120.264,44.405,39.471
66.851,118.868,45.298,40.265
65.396,117.463,46.208,41.074
65.851,117.868,45.298,40.265
66.075,118.067,44.849,39.866
66.297,118.264,44.405,39.471
66.075,118.067,44.849,39.866
66.517,118.460,43.965,39.080
66.075,118.067,44.849,39.866
65.625,117.666,45.751,40.667
64.851,117.868,45.298,40.265
65.297,118.264,44.405,39.471
65.075,118.067,44.849,39.866
64.625,117.666,45.751,40.667
64.165,117.258,46.670,41.485
64.625,117.666,45.751,40.667
65.075,118.067,44.849,39.866
65.075,118.067,44.849,39.866
64.625,117.666,45.751,40.667
64.396,117.463,46.208,41.074
64.625,117.666,45.751,40.667
65.075,120.067,44.849,39.866
66.075,120.067,44.849,39.866
66.625,118.666,45.751,40.667
66.851,117.868,45.298,40.265
67.075,118.067,44.849,39.866
67.851,117.868,45.298,40.265
67.625,117.666,45.751,40.667
67.625,117.666,45.751,40.667
67.396,117.463,46.208,41.074
66.932,117.050,47.137,41.899
67.165,117.258,46.670,41.485
68.625,117.666,45.751,40.667
68.851,118.868,45.298,40.265
69.297,119.264,44.405,39.471
70.075,119.067,44.849,39.866
69.625,117.666,45.751,40.667
69.625,117.666,45.751,40.667
69.625,117.666,45.751,40.667
70.165,118.258,46.670,41.485
70.625,118.666,45.751,40.667
70.396,118.463,46.208,41.074
71.625,118.666,45.751,40.667
71.625,118.666,45.751,40.667
71.625,118.666,45.751,40.667
71.851,118.868,45.298,40.265
71.851,118.868,45.298,40.265
71.396,119.463,46.208,41.074
71.165,119.258,46.670,41.485
71.696,118.841,47.608,42.318
72.165,119.258,46.670,41.485
72.165,119.258,46.670,41.485
71.932,120.050,47.137,41.899
70.696,119.841,47.608,42.318
70.696,119.841,47.608,42.318
70.932,120.050,47.137,41.899
71.165,120.258,46.670,41.485
70.932,118.050,47.137,41.899
70.696,116.841,47.608,42.318
70.932,114.050,47.137,41.899
70.932,114.050,47.137,41.899
71.396,114.463,46.208,41.074
70.932,114.050,47.137,41.899
70.396,114.463,46.208,41.074
69.932,114.050,47.137,41.899
70.165,114.258,46.670,41.485
69.932,113.050,47.137,41.899
68.696,111.841,47.608,42.318
69.165,113.258,46.670,41.485
68.696,112.841,47.608,42.318
68.217,112.415,48.565,43.169
68.696,112.841,47.608,42.318
69.165,113.258,46.670,41.485
68.932,114.050,47.137,41.899
69.396,114.463,46.208,41.074
69.396,114.463,46.208,41.074
69.625,114.666,45.751,40.667
68.396,114.463,46.208,41.074
67.932,114.050,47.137,41.899
68.165,114.258,46.670,41.485
68.625,114.666,45.751,40.667
69.075,114.067,44.849,39.866
68.625,113.666,45.751,40.667
68.851,113.868,45.298,40.265
68.396,113.463,46.208,41.074
68.625,113.666,45.751,40.667
68.075,115.067,44.849,39.866
67.625,114.666,45.751,40.667
67.165,114.258,46.670,41.485
67.625,114.666,45.751,40.667
67.165,114.258,46.670,41.485
66.696,113.841,47.608,42.318
66.696,113.841,47.608,42.318
66.932,114.050,47.137,41.899
66.696,113.841,47.608,42.318
66.696,113.841,47.608,42.318
66.932,114.050,47.137,41.899
66.932,114.050,47.137,41.899
67.396,114.463,46.208,41.074
67.396,114.463,46.208,41.074
66.625,114.666,45.751,40.667
66.625,114.666,45.751,40.667
65.851,113.868,45.298,40.265
66.075,114.067,44.849,39.866
65.625,113.666,45.751,40.667
65.396,113.463,46.208,41.074
65.396,113.463,46.208,41.074
64.165,113.258,46.670,41.485
63.932,113.050,47.137,41.899
63.932,113.050,47.137,41.899
63.696,112.841,47.608,42.318
64.165,113.258,46.670,41.485
64.165,113.258,46.670,41.485
63.932,113.050,47.137,41.899
63.396,113.463,46.208,41.074
63.165,113.258,46.670,41.485
62.165,113.258,46.670,41.485
62.396,113.463,46.208,41.074
61.165,114.258,46.670,41.485
61.396,114.463,46.208,41.074
61.625,114.666,45.751,40.667
61.625,114.666,45.751,40.667
61.851,114.868,45.298,40.265
61.075,115.067,44.849,39.866
60.625,114.666,45.751,40.667
60.396,114.463,46.208,41.074
59.851,114.868,45.298,40.265
59.625,114.666,45.751,40.667
59.165,114.258,46.670,41.485
60.625,116.666,45.751,40.667
59.625,116.666,45.751,40.667
59.625,116.666,45.751,40.667
59.851,116.868,45.298,40.265
59.851,116.868,45.298,40.265
59.851,116.868,45.298,40.265
60.297,116.264,44.405,39.471
58.851,115.868,45.298,40.265
58.851,115.868,45.298,40.265
58.851,115.868,45.298,40.265
58.297,116.264,44.405,39.471
58.517,116.460,43.965,39.080
58.735,117.653,43.530,38.693
58.517,116.460,43.965,39.080
58.735,116.653,43.530,38.693
58.950,116.845,43.099,38.310
58.950,116.845,43.099,38.310
58.517,116.460,43.965,39.080
57.297,116.264,44.405,39.471
56.851,115.868,45.298,40.265
57.297,116.264,44.405,39.471
57.735,116.653,43.530,38.693
57.517,116.460,43.965,39.080
57.735,116.653,43.530,38.693
57.735,117.653,43.530,38.693
57.735,117.653,43.530,38.693
57.735,117.653,43.530,38.693
57.297,116.264,44.405,39.471
57.517,116.460,43.965,39.080
57.735,117.653,43.530,38.693
57.297,117.264,44.405,39.471
57.735,117.653,43.530,38.693
58.164,117.034,42.672,37.931
57.735,116.653,43.530,38.693
57.950,116.845,43.099,38.310
58.164,117.034,42.672,37.931
59.584,119.408,41.832,37.184
58.164,119.034,42.672,37.931
59.164,119.034,42.672,37.931
58.950,118.845,43.099,38.310
59.164,119.034,42.672,37.931
59.375,119.222,42.250,37.555
59.164,119.034,42.672,37.931
59.375,119.222,42.250,37.555
58.950,118.845,43.099,38.310
58.950,118.845,43.099,38.310
58.735,118.653,43.530,38.693
58.950,118.845,43.099,38.310
59.375,119.222,42.250,37.555
59.791,120.592,41.417,36.815
59.375,120.222,42.250,37.555
58.950,119.845,43.099,38.310
58.735,119.653,43.530,38.693
58.950,119.845,43.099,38.310
58.735,119.653,43.530,38.693
59.164,120.034,42.672,37.931
59.584,120.408,41.832,37.184
59.791,120.592,41.417,36.815
59.584,120.408,41.832,37.184
59.996,120.775,41.007,36.451
59.996,120.775,41.007,36.451
59.791,120.592,41.417,36.815
59.791,120.592,41.417,36.815
60.199,120.955,40.601,36.090
60.400,121.134,40.199,35.733
60.599,122.311,39.801,35.379
60.199,121.955,40.601,36.090
60.400,122.134,40.199,35.733
59.996,120.775,41.007,36.451
59.791,120.592,41.417,36.815
59.375,120.222,42.250,37.555
59.584,120.408,41.832,37.184
59.996,120.775,41.007,36.451
60.400,121.134,40.199,35.733
60.199,120.955,40.601,36.090
59.791,120.592,41.417,36.815
59.584,120.408,41.832,37.184
59.996,120.775,41.007,36.451
59.791,120.592,41.417,36.815
59.996,120.775,41.007,36.451
59.791,121.592,41.417,36.815
59.375,121.222,42.250,37.555
60.584,120.408,41.832,37.184
60.584,120.408,41.832,37.184
61.375,121.222,42.250,37.555
61.375,121.222,42.250,37.555
61.164,121.034,42.672,37.931
61.584,121.408,41.832,37.184
61.996,121.775,41.007,36.451
61.584,121.408,41.832,37.184
62.164,121.034,42.672,37.931
63.584,121.408,41.832,37.184
63.996,121.775,41.007,36.451
65.199,121.955,40.601,36.090
64.791,121.592,41.417,36.815
64.584,122.408,41.832,37.184
64.996,122.775,41.007,36.451
67.199,122.955,40.601,36.090
67.599,122.311,39.801,35.379
68.991,121.659,39.017,34.682
68.599,121.311,39.801,35.379
69.599,121.311,39.801,35.379
69.991,122.659,39.017,34.682
70.796,122.486,39.407,35.029
70.796,121.486,39.407,35.029
71.796,121.486,39.407,35.029
71.599,121.311,39.801,35.379
72.199,121.955,40.601,36.090
72.400,122.134,40.199,35.733
72.400,122.134,40.199,35.733
72.996,122.775,41.007,36.451
72.996,122.775,41.007,36.451
74.199,122.955,40.601,36.090
74.599,123.311,39.801,35.379
75.599,123.311,39.801,35.379
77.796,121.486,39.407,35.029
77.400,121.134,40.199,35.733
77.599,121.311,39.801,35.379
77.199,120.955,40.601,36.090
77.599,121.311,39.801,35.379
78.991,121.659,39.017,34.682
78.991,121.659,39.017,34.682
79.991,122.659,39.017,34.682
80.991,122.659,39.017,34.682
81.185,122.831,38.631,34.338
81.796,123.486,39.407,35.029
81.991,123.659,39.017,34.682
82.599,123.311,39.801,35.379
83.599,122.311,39.801,35.379
84.599,122.311,39.801,35.379
84.400,122.134,40.199,35.733
85.599,121.311,39.801,35.379
86.199,120.955,40.601,36.090
87.400,121.134,40.199,35.733
87.599,122.311,39.801,35.379
87.199,121.955,40.601,36.090
89.599,122.311,39.801,35.379
89.991,122.659,39.017,34.682
91.185,122.831,38.631,34.338
91.796,122.486,39.407,35.029
91.599,120.311,39.801,35.379
91.199,118.955,40.601,36.090
93.599,119.311,39.801,35.379
93.796,119.486,39.407,35.029
93.599,119.311,39.801,35.379
94.796,120.486,39.407,35.029
96.185,120.831,38.631,34.338
96.991,121.659,39.017,34.682
97.376,122.001,38.248,33.998
96.991,122.659,39.017,34.682
98.185,122.831,38.631,34.338
99.565,123.169,37.870,33.662
99.185,122.831,38.631,34.338
99.185,122.831,38.631,34.338
99.991,122.659,39.017,34.682
99.599,122.311,39.801,35.379
100.991,124.659,39.017,34.682
101.376,125.001,38.248,33.998
100.991,124.659,39.017,34.682
100.991,123.659,39.017,34.682
101.185,123.831,38.631,34.338
100.796,124.486,39.407,35.029
100.991,124.659,39.017,34.682
100.991,123.659,39.017,34.682
101.185,121.831,38.631,34.338
100.796,121.486,39.407,35.029
100.796,121.486,39.407,35.029
100.599,121.311,39.801,35.379
100.199,119.955,40.601,36.090
100.400,119.134,40.199,35.733
100.796,120.486,39.407,35.029
100.991,120.659,39.017,34.682
100.599,121.311,39.801,35.379
99.400,121.134,40.199,35.733
99.400,122.134,40.199,35.733
99.199,120.955,40.601,36.090
99.599,123.311,39.801,35.379
99.991,129.659,39.017,34.682
99.991,126.659,39.017,34.682
100.376,127.001,38.248,33.998
98.991,126.659,39.017,34.682
99.376,121.001,38.248,33.998
98.376,121.001,38.248,33.998
97.991,120.659,39.017,34.682
96.599,121.311,39.801,35.379
96.400,121.134,40.199,35.733
96.199,120.955,40.601,36.090
96.599,121.311,39.801,35.379
96.991,120.659,39.017,34.682
97.185,119.831,38.631,34.338
97.185,119.831,38.631,34.338
96.796,119.486,39.407,35.029
96.400,119.134,40.199,35.733
96.796,119.486,39.407,35.029
96.991,119.659,39.017,34.682
96.796,119.486,39.407,35.029
95.991,119.659,39.017,34.682
95.599,119.311,39.801,35.379
95.796,119.486,39.407,35.029
95.796,120.486,39.407,35.029
95.991,120.659,39.017,34.682
95.796,120.486,39.407,35.029
95.796,120.486,39.407,35.029
94.796,119.486,39.407,35.029
94.400,119.134,40.199,35.733
94.796,119.486,39.407,35.029
94.991,120.659,39.017,34.682
94.991,120.659,39.017,34.682
94.991,120.659,39.017,34.682
94.599,121.311,39.801,35.379
94.991,121.659,39.017,34.682
95.185,121.831,38.631,34.338
94.796,121.486,39.407,35.029
95.185,121.831,38.631,34.338
94.991,121.659,39.017,34.682
94.991,121.659,39.017,34.682
94.991,121.659,39.017,34.682
95.185,121.831,38.631,34.338
95.185,121.831,38.631,34.338
95.565,122.169,37.870,33.662
95.565,122.169,37.870,33.662
95.565,122.169,37.870,33.662
95.376,122.001,38.248,33.998
95.185,121.831,38.631,34.338
94.796,121.486,39.407,35.029
94.599,121.311,39.801,35.379
94.796,121.486,39.407,35.029
94.400,121.134,40.199,35.733
94.599,120.311,39.801,35.379
94.199,119.955,40.601,36.090
95.599,120.311,39.801,35.379
95.199,119.955,40.601,36.090
95.400,120.134,40.199,35.733
95.400,121.134,40.199,35.733
96.796,121.486,39.407,35.029
96.400,121.134,40.199,35.733
96.400,121.134,40.199,35.733
96.199,120.955,40.601,36.090
95.791,120.592,41.417,36.815
96.791,118.592,41.417,36.815
96.996,118.775,41.007,36.451
97.400,119.134,40.199,35.733
97.199,118.955,40.601,36.090
98.599,121.311,39.801,35.379
98.199,120.955,40.601,36.090
98.400,121.134,40.199,35.733
98.599,121.311,39.801,35.379
98.199,120.955,40.601,36.090
98.791,120.592,41.417,36.815
98.996,120.775,41.007,36.451
98.996,120.775,41.007,36.451
99.996,120.775,41.007,36.451
100.199,118.955,40.601,36.090
99.996,118.775,41.007,36.451
100.199,118.955,40.601,36.090
99.996,118.775,41.007,36.451
99.996,118.775,41.007,36.451
101.400,120.134,40.199,35.733
101.199,119.955,40.601,36.090
100.791,119.592,41.417,36.815
101.199,119.955,40.601,36.090
100.791,120.592,41.417,36.815
100.791,120.592,41.417,36.815
101.199,120.955,40.601,36.090
100.791,120.592,41.417,36.815
100.375,120.222,42.250,37.555
100.375,120.222,42.250,37.555
100.791,120.592,41.417,36.815
100.996,120.775,41.007,36.451
102.400,121.134,40.199,35.733
102.599,121.311,39.801,35.379
102.199,120.955,40.601,36.090
101.791,120.592,41.417,36.815
101.584,120.408,41.832,37.184
101.375,120.222,42.250,37.555
101.791,120.592,41.417,36.815
102.375,120.222,42.250,37.555
102.584,120.408,41.832,37.184
102.164,121.034,42.672,37.931
102.375,121.222,42.250,37.555
101.950,120.845,43.099,38.310
102.164,121.034,42.672,37.931
102.164,121.034,42.672,37.931
102.164,121.034,42.672,37.931
102.584,121.408,41.832,37.184
103.996,121.775,41.007,36.451
104.400,122.134,40.199,35.733
103.996,121.775,41.007,36.451
103.996,121.775,41.007,36.451
104.400,123.134,40.199,35.733
104.199,122.955,40.601,36.090
104.996,122.775,41.007,36.451
105.400,122.134,40.199,35.733
105.400,122.134,40.199,35.733
105.599,122.311,39.801,35.379
105.199,121.955,40.601,36.090
104.791,121.592,41.417,36.815
104.584,121.408,41.832,37.184
104.164,121.034,42.672,37.931
104.375,121.222,42.250,37.555
104.791,121.592,41.417,36.815
105.199,121.955,40.601,36.090
105.199,121.955,40.601,36.090
104.791,121.592,41.417,36.815
104.996,121.775,41.007,36.451
104.996,121.775,41.007,36.451
103.584,121.408,41.832,37.184
103.375,121.222,42.250,37.555
103.164,121.034,42.672,37.931
103.375,121.222,42.250,37.555
102.584,121.408,41.832,37.184
102.375,121.222,42.250,37.555
102.164,121.034,42.672,37.931
101.950,120.845,43.099,38.310
101.517,120.460,43.965,39.080
101.075,120.067,44.849,39.866
101.075,120.067,44.849,39.866
101.517,120.460,43.965,39.080
101.950,120.845,43.099,38.310
101.735,120.653,43.530,38.693
101.517,120.460,43.965,39.080
101.075,120.067,44.849,39.866
101.297,120.264,44.405,39.471
101.517,120.460,43.965,39.080
101.297,120.264,44.405,39.471
101.297,120.264,44.405,39.471
100.735,120.653,43.530,38.693
100.517,120.460,43.965,39.080
101.075,120.067,44.849,39.866
101.075,120.067,44.849,39.866
101.517,120.460,43.965,39.080
101.517,120.460,43.965,39.080
100.735,120.653,43.530,38.693
100.297,120.264,44.405,39.471
100.297,120.264,44.405,39.471
100.297,120.264,44.405,39.471
100.517,120.460,43.965,39.080
100.297,120.264,44.405,39.471
100.517,120.460,43.965,39.080
100.517,120.460,43.965,39.080
100.297,120.264,44.405,39.471
99.851,120.868,45.298,40.265
99.851,121.868,45.298,40.265
99.625,121.666,45.751,40.667
100.075,122.067,44.849,39.866
100.075,122.067,44.849,39.866
100.297,122.264,44.405,39.471
100.075,122.067,44.849,39.866
99.851,121.868,45.298,40.265
99.851,121.868,45.298,40.265
100.297,122.264,44.405,39.471
99.851,122.868,45.298,40.265
99.851,122.868,45.298,40.265
100.297,123.264,44.405,39.471
99.851,122.868,45.298,40.265
99.396,122.463,46.208,41.074
99.851,122.868,45.298,40.265
99.851,122.868,45.298,40.265
100.297,123.264,44.405,39.471
99.851,122.868,45.298,40.265
98.396,122.463,46.208,41.074
98.396,122.463,46.208,41.074
98.851,122.868,45.298,40.265
99.297,123.264,44.405,39.471
99.297,123.264,44.405,39.471
98.851,122.868,45.298,40.265
98.396,122.463,46.208,41.074
98.851,122.868,45.298,40.265
99.297,123.264,44.405,39.471
99.075,124.067,44.849,39.866
98.851,123.868,45.298,40.265
98.396,123.463,46.208,41.074
97.932,123.050,47.137,41.899
98.165,123.258,46.670,41.485
96.696,122.841,47.608,42.318
97.165,123.258,46.670,41.485
97.165,123.258,46.670,41.485
96.696,122.841,47.608,42.318
97.165,123.258,46.670,41.485
96.696,122.841,47.608,42.318
97.165,123.258,46.670,41.485
96.696,122.841,47.608,42.318
96.696,122.841,47.608,42.318
96.932,123.050,47.137,41.899
96.696,122.841,47.608,42.318
96.458,122.629,48.084,42.742
94.975,122.200,49.051,43.601
95.458,121.629,48.084,42.742
95.217,121.415,48.565,43.169
95.696,121.841,47.608,42.318
95.696,121.841,47.608,42.318
95.458,121.629,48.084,42.742
95.696,121.841,47.608,42.318
95.696,121.841,47.608,42.318
94.696,121.841,47.608,42.318
94.696,121.841,47.608,42.318
94.217,121.415,48.565,43.169
94.217,121.415,48.565,43.169
94.217,121.415,48.565,43.169
94.696,121.841,47.608,42.318
94.458,121.629,48.084,42.742
94.932,122.050,47.137,41.899
93.696,122.841,47.608,42.318
93.217,122.415,48.565,43.169
92.975,122.200,49.051,43.601
92.975,122.200,49.051,43.601
92.729,121.982,49.541,44.037
92.729,121.982,49.541,44.037
93.217,122.415,48.565,43.169
93.458,122.629,48.084,42.742
93.458,122.629,48.084,42.742
93.217,123.415,48.565,43.169
92.729,122.982,49.541,44.037
92.482,122.761,50.037,44.477
92.729,122.982,49.541,44.037
92.729,122.982,49.541,44.037
94.217,122.415,48.565,43.169
94.729,121.982,49.541,44.037
94.231,121.539,50.537,44.922
94.729,121.982,49.541,44.037
94.975,122.200,49.051,43.601
96.458,123.629,48.084,42.742
95.975,123.200,49.051,43.601
95.482,122.761,50.037,44.477
95.231,122.539,50.537,44.922
96.482,122.761,50.037,44.477
96.729,122.982,49.541,44.037
98.217,123.415,48.565,43.169
98.696,123.841,47.608,42.318
99.165,124.258,46.670,41.485
100.165,124.258,46.670,41.485
101.165,124.258,46.670,41.485
101.696,123.841,47.608,42.318
101.217,123.415,48.565,43.169
100.729,122.982,49.541,44.037
100.482,122.761,50.037,44.477
101.231,122.539,50.537,44.922
100.724,122.088,51.553,45.825
101.979,122.314,51.042,45.371
102.724,122.088,51.553,45.825
102.205,121.627,52.589,46.746
103.466,121.858,52.068,46.283
103.979,122.314,51.042,45.371
103.979,122.314,51.042,45.371
104.482,122.761,50.037,44.477
105.231,122.539,50.537,44.922
104.724,122.088,51.553,45.825
104.205,121.627,52.589,46.746
105.466,122.858,52.068,46.283
105.466,122.858,52.068,46.283
104.943,122.393,53.115,47.213
104.943,122.393,53.115,47.213
104.677,122.157,53.646,47.685
104.943,122.393,53.115,47.213
104.409,121.919,54.183,48.162
105.943,122.393,53.115,47.213
105.409,121.919,54.183,48.162
105.409,121.919,54.183,48.162
106.677,122.157,53.646,47.685
106.138,121.678,54.724,48.644
107.138,121.678,54.724,48.644
106.588,121.189,55.824,49.622
106.309,120.941,56.383,50.118
105.742,120.437,57.516,51.125
106.027,120.690,56.946,50.619
108.588,123.189,55.824,49.622
107.864,123.435,55.272,49.130
108.138,123.678,54.724,48.644
108.588,123.189,55.824,49.622
108.588,123.189,55.824,49.622
109.138,123.678,54.724,48.644
108.864,123.435,55.272,49.130
108.309,121.941,56.383,50.118
109.588,122.189,55.824,49.622
110.138,122.678,54.724,48.644
109.864,122.435,55.272,49.130
109.309,120.941,56.383,50.118
109.864,120.435,55.272,49.130
109.588,120.189,55.824,49.622
110.138,120.678,54.724,48.644
110.138,120.678,54.724,48.644
109.588,120.189,55.824,49.622
110.138,120.678,54.724,48.644
108.864,120.435,55.272,49.130
109.138,120.678,54.724,48.644
109.677,121.157,53.646,47.685
109.943,122.393,53.115,47.213
108.409,121.919,54.183,48.162
107.138,121.678,54.724,48.644
108.409,121.919,54.183,48.162
107.409,121.919,54.183,48.162
107.138,121.678,54.724,48.644
107.677,122.157,53.646,47.685
107.138,121.678,54.724,48.644
107.409,121.919,54.183,48.162
107.138,121.678,54.724,48.644
107.138,121.678,54.724,48.644
107.677,122.157,53.646,47.685
107.677,122.157,53.646,47.685
107.205,123.627,52.589,46.746
106.677,123.157,53.646,47.685
106.138,122.678,54.724,48.644
105.588,121.189,55.824,49.622
105.027,120.690,56.946,50.619
105.027,120.690,56.946,50.619
105.309,119.941,56.383,50.118
105.027,119.690,56.946,50.619
105.027,119.690,56.946,50.619
105.027,119.690,56.946,50.619
105.309,119.941,56.383,50.118
106.027,119.690,56.946,50.619
106.588,120.189,55.824,49.622
106.309,119.941,56.383,50.118
107.027,118.690,56.946,50.619
107.309,119.941,56.383,50.118
107.027,119.690,56.946,50.619
107.027,119.690,56.946,50.619
108.309,119.941,56.383,50.118
109.027,120.690,56.946,50.619
109.309,121.941,56.383,50.118
109.588,124.189,55.824,49.622
109.027,123.690,56.946,50.619
109.309,122.941,56.383,50.118
109.742,122.437,57.516,51.125
110.027,120.690,56.946,50.619
110.309,119.941,56.383,50.118
109.742,118.437,57.516,51.125
110.027,117.690,56.946,50.619
111.027,117.690,56.946,50.619
110.454,117.182,58.091,51.637
109.454,117.182,58.091,51.637
109.454,117.182,58.091,51.637
109.454,117.182,58.091,51.637
110.164,116.924,58.672,52.153
110.742,117.437,57.516,51.125
111.309,118.941,56.383,50.118
112.027,118.690,56.946,50.619
112.027,118.690,56.946,50.619
112.027,119.690,56.946,50.619
112.027,119.690,56.946,50.619
112.027,119.690,56.946,50.619
112.309,119.941,56.383,50.118
112.588,120.189,55.824,49.622
112.588,120.189,55.824,49.622
114.138,119.678,54.724,48.644
113.138,119.678,54.724,48.644
114.138,119.678,54.724,48.644
113.677,119.157,53.646,47.685
113.409,118.919,54.183,48.162
112.409,118.919,54.183,48.162
113.943,119.393,53.115,47.213
112.677,119.157,53.646,47.685
112.138,117.678,54.724,48.644
111.409,117.919,54.183,48.162
110.864,117.435,55.272,49.130
109.309,117.941,56.383,50.118
109.864,118.435,55.272,49.130
108.309,117.941,56.383,50.118
108.309,119.941,56.383,50.118
107.864,121.435,55.272,49.130
107.864,121.435,55.272,49.130
106.588,121.189,55.824,49.622
107.138,120.678,54.724,48.644
107.138,120.678,54.724,48.644
107.409,120.919,54.183,48.162
106.864,120.435,55.272,49.130
107.409,120.919,54.183,48.162
107.677,120.157,53.646,47.685
106.943,121.393,53.115,47.213
106.943,121.393,53.115,47.213
106.409,120.919,54.183,48.162
105.864,120.435,55.272,49.130
106.409,121.919,54.183,48.162
105.677,124.157,53.646,47.685
105.138,122.678,54.724,48.644
105.409,123.919,54.183,48.162
105.138,123.678,54.724,48.644
104.588,122.189,55.824,49.622
105.138,122.678,54.724,48.644
105.138,122.678,54.724,48.644
105.409,120.919,54.183,48.162
105.138,120.678,54.724,48.644
104.588,120.189,55.824,49.622
103.027,120.690,56.946,50.619
104.027,121.690,56.946,50.619
104.588,123.189,55.824,49.622
105.138,123.678,54.724,48.644
104.864,123.435,55.272,49.130
105.409,123.919,54.183,48.162
105.409,123.919,54.183,48.162
105.677,124.157,53.646,47.685
106.205,124.627,52.589,46.746
105.943,124.393,53.115,47.213
105.677,124.157,53.646,47.685
105.409,122.919,54.183,48.162
106.943,124.393,53.115,47.213
107.205,124.627,52.589,46.746
107.466,123.858,52.068,46.283
107.466,123.858,52.068,46.283
106.724,124.088,51.553,45.825
107.724,124.088,51.553,45.825
107.205,126.627,52.589,46.746
105.943,125.393,53.115,47.213
105.677,125.157,53.646,47.685
105.943,125.393,53.115,47.213
105.409,124.919,54.183,48.162
105.943,125.393,53.115,47.213
105.677,125.157,53.646,47.685
105.677,125.157,53.646,47.685
105.943,125.393,53.115,47.213
106.205,124.627,52.589,46.746
105.943,123.393,53.115,47.213
105.677,123.157,53.646,47.685
106.205,123.627,52.589,46.746
105.943,123.393,53.115,47.213
106.466,123.858,52.068,46.283
105.943,123.393,53.115,47.213
104.943,123.393,53.115,47.213
104.943,123.393,53.115,47.213
104.677,123.157,53.646,47.685
104.409,122.919,54.183,48.162
104.677,123.157,53.646,47.685
105.205,123.627,52.589,46.746
105.205,123.627,52.589,46.746
103.677,123.157,53.646,47.685
103.409,122.919,54.183,48.162
103.409,122.919,54.183,48.162
103.943,123.393,53.115,47.213
104.466,123.858,52.068,46.283
104.979,124.314,51.042,45.371
103.724,124.088,51.553,45.825
103.466,123.858,52.068,46.283
103.466,123.858,52.068,46.283
103.979,124.314,51.042,45.371
102.724,124.088,51.553,45.825
102.205,123.627,52.589,46.746
102.205,123.627,52.589,46.746
102.466,123.858,52.068,46.283
102.979,124.314,51.042,45.371
102.466,123.858,52.068,46.283
102.466,123.858,52.068,46.283
102.724,123.088,51.553,45.825
102.466,122.858,52.068,46.283
102.466,122.858,52.068,46.283
102.466,122.858,52.068,46.283
102.466,122.858,52.068,46.283
102.724,123.088,51.553,45.825
102.466,122.858,52.068,46.283
103.724,124.088,51.553,45.825
103.724,124.088,51.553,45.825
103.466,123.858,52.068,46.283
103.724,124.088,51.553,45.825
103.979,124.314,51.042,45.371
103.979,124.314,51.042,45.371
103.466,123.858,52.068,46.283
103.724,124.088,51.553,45.825
104.205,123.627,52.589,46.746
104.205,123.627,52.589,46.746
104.466,123.858,52.068,46.283
104.205,123.627,52.589,46.746
104.466,123.858,52.068,46.283
104.724,124.088,51.553,45.825
105.205,121.627,52.589,46.746
105.205,121.627,52.589,46.746
105.724,122.088,51.553,45.825
105.724,122.088,51.553,45.825
107.231,122.539,50.537,44.922
106.979,122.314,51.042,45.371
107.724,121.088,51.553,45.825
107.466,120.858,52.068,46.283
107.205,120.627,52.589,46.746
108.205,120.627,52.589,46.746
107.943,120.393,53.115,47.213
107.677,120.157,53.646,47.685
108.409,120.919,54.183,48.162
108.943,121.393,53.115,47.213
109.943,121.393,53.115,47.213
110.466,121.858,52.068,46.283
110.724,122.088,51.553,45.825
110.205,121.627,52.589,46.746
111.466,121.858,52.068,46.283
112.724,121.088,51.553,45.825
112.466,120.858,52.068,46.283
112.724,122.088,51.553,45.825
112.979,122.314,51.042,45.371
112.466,121.858,52.068,46.283
112.979,122.314,51.042,45.371
112.466,122.858,52.068,46.283
112.466,122.858,52.068,46.283
113.466,122.858,52.068,46.283
113.466,122.858,52.068,46.283
113.724,123.088,51.553,45.825
113.205,122.627,52.589,46.746
113.466,122.858,52.068,46.283
113.205,122.627,52.589,46.746
113.205,122.627,52.589,46.746
113.205,122.627,52.589,46.746
113.724,123.088,51.553,45.825
113.466,122.858,52.068,46.283
113.205,122.627,52.589,46.746
113.677,123.157,53.646,47.685
112.943,123.393,53.115,47.213
113.466,123.858,52.068,46.283
112.466,123.858,52.068,46.283
112.979,124.314,51.042,45.371
114.482,123.761,50.037,44.477
114.231,123.539,50.537,44.922
113.724,123.088,51.553,45.825
113.466,122.858,52.068,46.283
113.466,122.858,52.068,46.283
112.943,122.393,53.115,47.213
111.943,122.393,53.115,47.213
111.943,122.393,53.115,47.213
112.466,122.858,52.068,46.283
112.466,122.858,52.068,46.283
112.205,122.627,52.589,46.746
111.943,122.393,53.115,47.213
112.466,122.858,52.068,46.283
111.943,122.393,53.115,47.213
112.205,121.627,52.589,46.746
110.943,121.393,53.115,47.213
111.466,121.858,52.068,46.283
111.724,122.088,51.553,45.825
111.205,121.627,52.589,46.746
110.205,121.627,52.589,46.746
111.466,120.858,52.068,46.283
111.724,121.088,51.553,45.825
111.466,120.858,52.068,46.283
110.724,121.088,51.553,45.825
110.979,121.314,51.042,45.371
111.231,121.539,50.537,44.922
110.724,121.088,51.553,45.825
110.724,121.088,51.553,45.825
109.205,120.627,52.589,46.746
109.466,120.858,52.068,46.283
109.724,121.088,51.553,45.825
109.979,120.314,51.042,45.371
109.724,120.088,51.553,45.825
109.466,119.858,52.068,46.283
109.979,120.314,51.042,45.371
108.979,120.314,51.042,45.371
109.231,119.539,50.537,44.922
109.231,119.539,50.537,44.922
108.979,119.314,51.042,45.371
108.466,117.858,52.068,46.283
108.466,117.858,52.068,46.283
108.979,118.314,51.042,45.371
107.466,117.858,52.068,46.283
107.466,117.858,52.068,46.283
107.724,118.088,51.553,45.825
107.466,117.858,52.068,46.283
107.724,118.088,51.553,45.825
107.205,117.627,52.589,46.746
107.724,118.088,51.553,45.825
107.724,118.088,51.553,45.825
107.205,117.627,52.589,46.746
107.466,117.858,52.068,46.283
107.466,117.858,52.068,46.283
107.724,117.088,51.553,45.825
107.979,116.314,51.042,45.371
107.724,115.088,51.553,45.825
108.231,115.539,50.537,44.922
108.729,115.982,49.541,44.037
108.729,116.982,49.541,44.037
107.482,116.761,50.037,44.477
106.975,117.200,49.051,43.601
106.482,116.761,50.037,44.477
106.231,116.539,50.537,44.922
106.729,116.982,49.541,44.037
105.482,115.761,50.037,44.477
105.231,115.539,50.537,44.922
105.729,117.982,49.541,44.037
105.975,118.200,49.051,43.601
105.217,119.415,48.565,43.169
104.729,118.982,49.541,44.037
104.975,119.200,49.051,43.601
104.217,120.415,48.565,43.169
103.729,120.982,49.541,44.037
103.975,121.200,49.051,43.601
103.458,123.629,48.084,42.742
101.975,123.200,49.051,43.601
101.729,122.982,49.541,44.037
101.729,122.982,49.541,44.037
101.729,122.982,49.541,44.037
101.217,124.415,48.565,43.169
100.975,124.200,49.051,43.601
100.975,124.200,49.051,43.601
99.482,123.761,50.037,44.477
99.975,124.200,49.051,43.601
100.217,124.415,48.565,43.169
99.217,124.415,48.565,43.169
97.729,123.982,49.541,44.037
97.231,123.539,50.537,44.922
96.482,123.761,50.037,44.477
96.231,123.539,50.537,44.922
95.231,123.539,50.537,44.922
94.979,123.314,51.042,45.371
94.466,122.858,52.068,46.283
93.724,120.088,51.553,45.825
93.724,120.088,51.553,45.825
94.231,120.539,50.537,44.922
93.979,120.314,51.042,45.371
93.724,120.088,51.553,45.825
93.231,119.539,50.537,44.922
92.979,119.314,51.042,45.371
93.482,119.761,50.037,44.477
93.231,119.539,50.537,44.922
93.231,119.539,50.537,44.922
92.724,119.088,51.553,45.825
92.231,118.539,50.537,44.922
91.724,118.088,51.553,45.825
92.231,118.539,50.537,44.922
92.482,118.761,50.037,44.477
92.975,119.200,49.051,43.601
92.975,119.200,49.051,43.601
91.482,118.761,50.037,44.477
91.482,118.761,50.037,44.477
91.729,118.982,49.541,44.037
91.975,119.200,49.051,43.601
91.729,118.982,49.541,44.037
90.231,118.539,50.537,44.922
90.482,118.761,50.037,44.477
90.231,119.539,50.537,44.922
88.724,119.088,51.553,45.825
88.205,117.627,52.589,46.746
87.677,117.157,53.646,47.685
87.943,116.393,53.115,47.213
87.466,116.858,52.068,46.283
86.943,116.393,53.115,47.213
87.466,116.858,52.068,46.283
87.979,117.314,51.042,45.371
88.231,117.539,50.537,44.922
88.729,117.982,49.541,44.037
88.482,117.761,50.037,44.477
87.979,117.314,51.042,45.371
87.466,116.858,52.068,46.283
87.979,117.314,51.042,45.371
87.979,117.314,51.042,45.371
88.482,117.761,50.037,44.477
87.979,117.314,51.042,45.371
88.231,118.539,50.537,44.922
87.979,118.314,51.042,45.371
88.482,118.761,50.037,44.477
88.231,118.539,50.537,44.922
88.729,118.982,49.541,44.037
88.975,119.200,49.051,43.601
88.729,118.982,49.541,44.037
88.482,118.761,50.037,44.477
87.979,119.314,51.042,45.371
88.231,119.539,50.537,44.922
88.979,120.314,51.042,45.371
89.482,121.761,50.037,44.477
89.482,121.761,50.037,44.477
88.979,121.314,51.042,45.371
89.231,121.539,50.537,44.922
88.979,121.314,51.042,45.371
89.482,121.761,50.037,44.477
88.979,121.314,51.042,45.371
89.482,121.761,50.037,44.477
89.482,121.761,50.037,44.477
89.482,121.761,50.037,44.477
89.231,122.539,50.537,44.922
89.729,122.982,49.541,44.037
89.231,122.539,50.537,44.922
89.482,122.761,50.037,44.477
89.482,122.761,50.037,44.477
89.482,122.761,50.037,44.477
89.231,122.539,50.537,44.922
88.231,122.539,50.537,44.922
87.724,122.088,51.553,45.825
88.231,122.539,50.537,44.922
88.231,122.539,50.537,44.922
88.482,122.761,50.037,44.477
88.975,123.200,49.051,43.601
88.729,122.982,49.541,44.037
88.482,122.761,50.037,44.477
88.729,122.982,49.541,44.037
88.482,122.761,50.037,44.477
88.729,122.982,49.541,44.037
88.729,122.982,49.541,44.037
88.729,122.982,49.541,44.037
88.231,122.539,50.537,44.922
88.231,122.539,50.537,44.922
88.231,122.539,50.537,44.922
86.979,121.314,51.042,45.371
86.466,120.858,52.068,46.283
86.466,120.858,52.068,46.283
86.724,121.088,51.553,45.825
87.231,121.539,50.537,44.922
87.729,121.982,49.541,44.037
89.217,123.415,48.565,43.169
88.729,122.982,49.541,44.037
87.729,122.982,49.541,44.037
87.231,122.539,50.537,44.922
87.231,122.539,50.537,44.922
87.482,120.761,50.037,44.477
86.979,119.314,51.042,45.371
86.231,119.539,50.537,44.922
86.729,119.982,49.541,44.037
88.217,120.415,48.565,43.169
87.975,120.200,49.051,43.601
87.729,119.982,49.541,44.037
88.217,120.415,48.565,43.169
88.458,120.629,48.084,42.742
86.975,120.200,49.051,43.601
87.217,120.415,48.565,43.169
86.729,119.982,49.541,44.037
86.729,119.982,49.541,44.037
86.231,119.539,50.537,44.922
87.231,120.539,50.537,44.922
86.979,120.314,51.042,45.371
87.231,120.539,50.537,44.922
87.231,120.539,50.537,44.922
87.231,120.539,50.537,44.922
87.482,120.761,50.037,44.477
87.729,120.982,49.541,44.037
86.231,120.539,50.537,44.922
86.724,120.088,51.553,45.825
86.205,119.627,52.589,46.746
86.724,120.088,51.553,45.825
86.205,117.627,52.589,46.746
86.466,117.858,52.068,46.283
86.979,118.314,51.042,45.371
87.231,118.539,50.537,44.922
86.231,118.539,50.537,44.922
86.729,118.982,49.541,44.037
86.975,119.200,49.051,43.601
87.975,119.200,49.051,43.601
87.482,118.761,50.037,44.477
85.979,118.314,51.042,45.371
86.482,118.761,50.037,44.477
85.979,118.314,51.042,45.371
86.482,118.761,50.037,44.477
85.482,118.761,50.037,44.477
85.482,118.761,50.037,44.477
83.979,118.314,51.042,45.371
83.724,118.088,51.553,45.825
82.205,117.627,52.589,46.746
82.724,118.088,51.553,45.825
81.724,118.088,51.553,45.825
82.231,118.539,50.537,44.922
82.482,118.761,50.037,44.477
82.975,120.200,49.051,43.601
82.482,119.761,50.037,44.477
81.979,119.314,51.042,45.371
80.231,119.539,50.537,44.922
79.724,119.088,51.553,45.825
79.205,118.627,52.589,46.746
79.724,119.088,51.553,45.825
79.724,119.088,51.553,45.825
79.231,119.539,50.537,44.922
78.724,119.088,51.553,45.825
77.724,119.088,51.553,45.825
77.205,118.627,52.589,46.746
77.466,118.858,52.068,46.283
76.205,118.627,52.589,46.746
76.724,119.088,51.553,45.825
75.724,119.088,51.553,45.825
74.205,118.627,52.589,46.746
74.205,118.627,52.589,46.746
74.466,118.858,52.068,46.283
73.979,119.314,51.042,45.371
73.466,118.858,52.068,46.283
72.979,119.314,51.042,45.371
72.724,119.088,51.553,45.825
72.231,119.539,50.537,44.922
70.979,119.314,51.042,45.371
70.724,119.088,51.553,45.825
70.231,119.539,50.537,44.922
68.724,119.088,51.553,45.825
68.724,119.088,51.553,45.825
68.231,119.539,50.537,44.922
67.482,120.761,50.037,44.477
66.979,120.314,51.042,45.371
66.482,120.761,50.037,44.477
64.979,120.314,51.042,45.371
64.482,121.761,50.037,44.477
64.231,121.539,50.537,44.922
63.482,121.761,50.037,44.477
61.231,121.539,50.537,44.922
59.724,121.088,51.553,45.825
59.466,120.858,52.068,46.283
58.979,121.314,51.042,45.371
57.724,121.088,51.553,45.825
56.205,120.627,52.589,46.746
55.466,119.858,52.068,46.283
54.466,119.858,52.068,46.283
53.205,119.627,52.589,46.746
51.943,119.393,53.115,47.213
50.677,119.157,53.646,47.685
50.205,119.627,52.589,46.746
49.466,119.858,52.068,46.283
48.724,120.088,51.553,45.825
48.231,120.539,50.537,44.922
46.724,120.088,51.553,45.825
45.979,120.314,51.042,45.371
45.231,120.539,50.537,44.922
43.231,120.539,50.537,44.922
42.724,120.088,51.553,45.825
41.231,121.539,50.537,44.922
39.724,121.088,51.553,45.825
38.724,121.088,51.553,45.825
36.466,120.858,52.068,46.283
35.466,120.858,52.068,46.283
33.943,119.393,53.115,47.213
33.205,119.627,52.589,46.746
31.943,119.393,53.115,47.213
31.466,119.858,52.068,46.283
29.979,120.314,51.042,45.371
28.979,120.314,51.042,45.371
27.466,119.858,52.068,46.283
26.205,119.627,52.589,46.746
24.677,119.157,53.646,47.685
22.677,119.157,53.646,47.685
22.943,120.393,53.115,47.213
22.466,120.858,52.068,46.283
21.205,120.627,52.589,46.746
