70.000,51.000,107.000,87.000
71.530,54.431,105.941,86.139
68.465,51.565,108.070,87.870
72.000,53.000,107.000,87.000
64.925,50.126,109.151,88.749
62.828,48.234,111.345,90.533
65.925,51.126,109.151,88.749
66.000,51.000,107.000,87.000
65.925,50.126,109.151,88.749
67.000,52.000,107.000,87.000
68.054,53.857,104.892,85.286
64.530,52.431,105.941,86.139
67.573,55.279,103.853,84.441
69.597,55.111,101.807,82.778
67.600,57.927,99.801,81.146
69.597,53.111,101.807,82.778
67.101,55.521,100.799,81.958
65.088,54.697,102.825,83.605
64.101,57.521,100.799,81.958
65.088,56.697,102.825,83.605
65.054,54.857,104.892,85.286
64.054,54.857,104.892,85.286
62.530,53.431,105.941,86.139
62.000,53.000,107.000,87.000
60.465,52.565,108.070,87.870
57.379,50.682,110.242,89.636
54.271,49.781,112.458,91.438
53.141,47.862,114.718,93.276
53.709,47.324,113.583,92.352
55.271,46.781,112.458,91.438
54.141,48.862,114.718,93.276
49.988,44.925,117.024,95.151
51.403,44.449,118.195,96.102
51.988,45.925,117.024,95.151
49.403,42.449,118.195,96.102
51.812,43.968,119.377,97.063
48.812,43.968,119.377,97.063
49.812,42.968,119.377,97.063
48.215,43.483,120.570,98.034
47.215,42.483,120.570,98.034
51.403,42.449,118.195,96.102
52.567,47.396,115.866,94.209
49.403,42.449,118.195,96.102
50.403,44.449,118.195,96.102
50.215,43.483,120.570,98.034
49.215,43.483,120.570,98.034
50.612,42.993,121.776,99.014
48.388,41.998,124.224,101.004
47.140,39.983,126.721,103.034
48.140,39.983,126.721,103.034
48.140,39.983,126.721,103.034
50.388,41.998,124.224,101.004
49.140,41.983,126.721,103.034
50.388,42.998,124.224,101.004
53.612,43.993,121.776,99.014
50.388,43.998,124.224,101.004
50.140,43.983,126.721,103.034
51.388,45.998,124.224,101.004
52.612,48.993,121.776,99.014
53.812,49.968,119.377,97.063
53.812,49.968,119.377,97.063
53.988,51.925,117.024,95.151
53.988,52.925,117.024,95.151
56.567,52.396,115.866,94.209
56.709,52.324,113.583,92.352
56.567,50.396,115.866,94.209
55.988,48.925,117.024,95.151
56.988,47.925,117.024,95.151
58.567,50.396,115.866,94.209
55.988,46.925,117.024,95.151
57.141,48.862,114.718,93.276
60.271,49.781,112.458,91.438
58.709,48.324,113.583,92.352
58.141,46.862,114.718,93.276
57.141,45.862,114.718,93.276
56.567,45.396,115.866,94.209
58.709,47.324,113.583,92.352
58.709,47.324,113.583,92.352
58.709,47.324,113.583,92.352
58.271,48.781,112.458,91.438
57.141,47.862,114.718,93.276
57.709,49.324,113.583,92.352
56.141,47.862,114.718,93.276
55.567,47.396,115.866,94.209
55.567,48.396,115.866,94.209
55.567,48.396,115.866,94.209
53.988,48.925,117.024,95.151
54.567,49.396,115.866,94.209
53.988,48.925,117.024,95.151
54.567,49.396,115.866,94.209
55.709,50.324,113.583,92.352
54.567,50.396,115.866,94.209
55.141,50.862,114.718,93.276
55.141,50.862,114.718,93.276
55.709,51.324,113.583,92.352
55.709,51.324,113.583,92.352
56.271,51.781,112.458,91.438
57.379,52.682,110.242,89.636
56.828,52.234,111.345,90.533
57.379,52.682,110.242,89.636
57.925,53.126,109.151,88.749
59.465,53.565,108.070,87.870
59.465,53.565,108.070,87.870
62.530,53.431,105.941,86.139
65.573,53.279,103.853,84.441
64.054,52.857,104.892,85.286
62.530,51.431,105.941,86.139
63.054,50.857,104.892,85.286
62.000,50.000,107.000,87.000
63.530,50.431,105.941,86.139
62.465,49.565,108.070,87.870
61.925,49.126,109.151,88.749
63.000,50.000,107.000,87.000
64.000,51.000,107.000,87.000
64.530,51.431,105.941,86.139
64.530,51.431,105.941,86.139
64.530,51.431,105.941,86.139
66.054,51.857,104.892,85.286
65.000,53.000,107.000,87.000
66.054,54.857,104.892,85.286
65.530,54.431,105.941,86.139
66.000,55.000,107.000,87.000
64.465,54.565,108.070,87.870
63.379,53.682,110.242,89.636
63.925,55.126,109.151,88.749
66.000,56.000,107.000,87.000
66.000,56.000,107.000,87.000
65.925,56.126,109.151,88.749
67.000,58.000,107.000,87.000
68.530,59.431,105.941,86.139
69.000,59.000,107.000,87.000
70.000,59.000,107.000,87.000
71.054,59.857,104.892,85.286
74.088,60.697,102.825,83.605
76.101,61.521,100.799,81.958
78.094,62.328,98.813,80.343
79.067,62.120,96.866,78.760
79.583,60.726,97.834,79.548
80.583,59.726,97.834,79.548
79.600,57.927,99.801,81.146
80.583,57.726,97.834,79.548
81.547,57.510,95.907,77.980
81.067,56.120,96.866,78.760
81.067,56.120,96.866,78.760
83.021,55.896,94.957,77.208
83.021,54.896,94.957,77.208
82.547,53.510,95.907,77.980
83.547,52.510,95.907,77.980
84.547,52.510,95.907,77.980
85.021,51.896,94.957,77.208
85.547,51.510,95.907,77.980
86.547,51.510,95.907,77.980
87.492,52.278,94.017,76.444
91.418,54.031,92.164,74.937
90.492,53.278,94.017,76.444
90.547,53.510,95.907,77.980
91.021,54.896,94.957,77.208
91.067,55.120,96.866,78.760
91.547,55.510,95.907,77.980
92.067,56.120,96.866,78.760
92.067,56.120,96.866,78.760
93.547,57.510,95.907,77.980
94.492,58.278,94.017,76.444
94.547,57.510,95.907,77.980
94.547,57.510,95.907,77.980
96.021,57.896,94.957,77.208
97.021,57.896,94.957,77.208
97.067,58.120,96.866,78.760
97.547,58.510,95.907,77.980
99.021,58.896,94.957,77.208
99.957,60.657,93.086,75.687
100.874,61.402,91.252,74.195
101.874,62.402,91.252,74.195
102.773,63.133,89.454,72.734
103.773,63.133,89.454,72.734
103.326,62.770,90.348,73.461
104.216,63.493,88.568,72.013
105.216,63.493,88.568,72.013
106.088,63.203,86.823,70.594
107.654,62.850,87.691,71.300
108.518,62.552,85.963,69.895
110.365,63.241,84.270,68.518
110.944,62.898,85.112,69.203
111.365,61.241,84.270,68.518
113.365,61.241,84.270,68.518
114.365,62.241,84.270,68.518
114.195,61.916,82.609,67.168
119.009,61.578,80.981,65.845
117.604,60.248,81.791,66.503
119.195,60.916,82.609,67.168
120.009,60.578,80.981,65.845
120.604,60.248,81.791,66.503
120.195,60.916,82.609,67.168
121.009,62.578,80.981,65.845
122.807,63.226,79.386,64.547
124.200,62.546,78.600,63.908
125.974,62.176,77.051,62.649
126.734,59.793,75.533,61.415
126.974,65.176,77.051,62.649
127.589,62.862,77.822,63.275
128.200,59.546,78.600,63.908
127.974,59.176,77.051,62.649
128.589,63.862,77.822,63.275
131.356,61.486,76.288,62.029
132.108,65.097,74.785,60.806
133.356,61.486,76.288,62.029
135.108,65.097,74.785,60.806
135.844,63.696,73.311,59.608
135.108,64.097,74.785,60.806
135.734,63.793,75.533,61.415
134.974,63.176,77.051,62.649
134.589,62.862,77.822,63.275
133.807,62.226,79.386,64.547
136.200,62.546,78.600,63.908
137.974,63.176,77.051,62.649
138.589,63.862,77.822,63.275
139.200,61.546,78.600,63.908
140.589,63.862,77.822,63.275
140.807,63.226,79.386,64.547
141.009,62.578,80.981,65.845
141.807,63.226,79.386,64.547
143.807,61.226,79.386,64.547
144.589,63.862,77.822,63.275
144.807,62.226,79.386,64.547
147.200,62.546,78.600,63.908
146.807,61.226,79.386,64.547
147.410,60.904,80.180,65.193
148.009,60.578,80.981,65.845
148.410,60.904,80.180,65.193
148.604,60.248,81.791,66.503
148.604,60.248,81.791,66.503
150.009,60.578,80.981,65.845
149.604,61.248,81.791,66.503
151.410,61.904,80.180,65.193
151.009,60.578,80.981,65.845
151.195,60.916,82.609,67.168
153.009,61.578,80.981,65.845
153.009,61.578,80.981,65.845
153.604,60.248,81.791,66.503
154.195,59.916,82.609,67.168
153.782,59.580,83.435,67.840
155.604,60.248,81.791,66.503
158.009,61.578,80.981,65.845
158.807,62.226,79.386,64.547
159.410,61.904,80.180,65.193
161.200,62.546,78.600,63.908
160.410,62.904,80.180,65.193
162.200,62.546,78.600,63.908
162.200,62.546,78.600,63.908
163.807,62.226,79.386,64.547
164.589,62.862,77.822,63.275
164.589,61.862,77.822,63.275
165.974,62.176,77.051,62.649
166.974,60.176,77.051,62.649
168.734,60.793,75.533,61.415
169.734,58.793,75.533,61.415
171.478,60.398,74.045,60.204
170.734,59.793,75.533,61.415
169.974,59.176,77.051,62.649
171.734,59.793,75.533,61.415
172.478,60.398,74.045,60.204
174.207,60.991,72.586,59.018
173.478,60.398,74.045,60.204
174.844,60.696,73.311,59.608
175.108,60.097,74.785,60.806
175.734,59.793,75.533,61.415
176.478,60.398,74.045,60.204
176.734,60.793,75.533,61.415
177.108,61.097,74.785,60.806
178.108,62.097,74.785,60.806
179.478,63.398,74.045,60.204
179.734,62.793,75.533,61.415
180.108,66.097,74.785,60.806
180.844,66.696,73.311,59.608
180.844,65.696,73.311,59.608
181.207,65.991,72.586,59.018
181.922,65.572,71.155,57.855
185.623,64.142,69.753,56.715
183.922,63.572,71.155,57.855
185.922,62.572,71.155,57.855
186.275,62.859,70.451,57.282
185.567,62.283,71.867,58.434
183.844,61.696,73.311,59.608
184.207,61.991,72.586,59.018
186.478,62.398,74.045,60.204
186.108,63.097,74.785,60.806
186.844,63.696,73.311,59.608
186.207,63.991,72.586,59.018
186.207,62.991,72.586,59.018
186.922,62.572,71.155,57.855
187.623,62.142,69.753,56.715
188.275,61.859,70.451,57.282
188.623,62.142,69.753,56.715
189.623,62.142,69.753,56.715
188.922,61.572,71.155,57.855
189.207,61.991,72.586,59.018
189.478,62.398,74.045,60.204
190.207,62.991,72.586,59.018
190.567,64.283,71.867,58.434
190.922,64.572,71.155,57.855
190.922,64.572,71.155,57.855
191.275,64.859,70.451,57.282
190.567,65.283,71.867,58.434
190.275,64.859,70.451,57.282
191.969,64.423,69.063,56.154
193.311,64.701,68.379,55.598
193.969,64.423,69.063,56.154
196.649,66.976,67.702,55.047
195.969,65.423,69.063,56.154
196.311,65.701,68.379,55.598
196.311,65.701,68.379,55.598
195.969,65.423,69.063,56.154
198.649,67.976,67.702,55.047
196.969,68.423,69.063,56.154
197.969,68.423,69.063,56.154
197.969,67.423,69.063,56.154
199.649,66.976,67.702,55.047
201.316,67.519,66.368,53.963
202.645,66.786,65.711,53.428
202.316,66.519,66.368,53.963
202.316,66.519,66.368,53.963
201.649,65.976,67.702,55.047
201.311,65.701,68.379,55.598
201.649,65.976,67.702,55.047
203.316,67.519,66.368,53.963
202.984,67.249,67.032,54.502
203.649,67.976,67.702,55.047
205.316,68.519,66.368,53.963
204.649,67.976,67.702,55.047
204.311,67.701,68.379,55.598
204.649,67.976,67.702,55.047
205.649,67.976,67.702,55.047
205.311,67.701,68.379,55.598
204.623,67.142,69.753,56.715
206.311,67.701,68.379,55.598
206.649,67.976,67.702,55.047
206.311,67.701,68.379,55.598
207.649,67.976,67.702,55.047
206.969,67.423,69.063,56.154
207.969,68.423,69.063,56.154
208.969,68.423,69.063,56.154
209.311,67.701,68.379,55.598
209.969,67.423,69.063,56.154
209.969,67.423,69.063,56.154
211.649,65.976,67.702,55.047
211.984,66.249,67.032,54.502
211.649,65.976,67.702,55.047
210.969,65.423,69.063,56.154
211.649,70.976,67.702,55.047
210.969,74.423,69.063,56.154
211.649,74.976,67.702,55.047
211.311,74.701,68.379,55.598
212.311,74.701,68.379,55.598
211.969,72.423,69.063,56.154
212.275,70.859,70.451,57.282
212.969,65.423,69.063,56.154
213.623,59.142,69.753,56.715
214.922,55.572,71.155,57.855
213.207,52.991,72.586,59.018
213.922,54.572,71.155,57.855
213.922,55.572,71.155,57.855
213.922,56.572,71.155,57.855
215.623,60.142,69.753,56.715
215.623,64.142,69.753,56.715
214.922,64.572,71.155,57.855
214.207,64.991,72.586,59.018
214.207,65.991,72.586,59.018
214.922,67.572,71.155,57.855
215.623,68.142,69.753,56.715
218.311,68.701,68.379,55.598
218.984,69.249,67.032,54.502
220.645,68.786,65.711,53.428
220.645,68.786,65.711,53.428
221.292,69.312,64.416,52.376
220.970,69.050,65.060,52.899
221.611,68.571,63.778,51.857
221.927,68.828,63.147,51.344
221.292,68.312,64.416,52.376
221.970,67.050,65.060,52.899
221.970,67.050,65.060,52.899
221.645,66.786,65.711,53.428
221.316,67.519,66.368,53.963
220.649,66.976,67.702,55.047
218.969,66.423,69.063,56.154
219.311,69.701,68.379,55.598
221.984,71.249,67.032,54.502
220.649,70.976,67.702,55.047
220.649,70.976,67.702,55.047
223.316,73.519,66.368,53.963
223.645,74.786,65.711,53.428
221.316,74.519,66.368,53.963
220.649,73.976,67.702,55.047
220.969,70.423,69.063,56.154
221.649,67.976,67.702,55.047
221.311,67.701,68.379,55.598
220.649,67.976,67.702,55.047
221.316,68.519,66.368,53.963
220.984,72.249,67.032,54.502
220.316,72.519,66.368,53.963
219.649,72.976,67.702,55.047
219.984,73.249,67.032,54.502
220.645,73.786,65.711,53.428
221.984,69.249,67.032,54.502
221.311,68.701,68.379,55.598
221.649,68.976,67.702,55.047
219.969,66.423,69.063,56.154
220.275,63.859,70.451,57.282
219.969,64.423,69.063,56.154
220.649,64.976,67.702,55.047
220.649,64.976,67.702,55.047
220.649,64.976,67.702,55.047
219.649,64.976,67.702,55.047
220.311,64.701,68.379,55.598
218.969,64.423,69.063,56.154
219.623,65.142,69.753,56.715
218.311,65.701,68.379,55.598
217.623,65.142,69.753,56.715
217.969,66.423,69.063,56.154
217.649,66.976,67.702,55.047
217.969,64.423,69.063,56.154
216.969,64.423,69.063,56.154
217.275,63.859,70.451,57.282
216.623,64.142,69.753,56.715
216.969,65.423,69.063,56.154
217.969,65.423,69.063,56.154
216.275,65.859,70.451,57.282
215.623,66.142,69.753,56.715
213.275,65.859,70.451,57.282
212.969,66.423,69.063,56.154
213.311,66.701,68.379,55.598
214.649,66.976,67.702,55.047
213.311,66.701,68.379,55.598
212.623,66.142,69.753,56.715
211.922,65.572,71.155,57.855
211.623,66.142,69.753,56.715
211.969,66.423,69.063,56.154
211.969,66.423,69.063,56.154
209.275,65.859,70.451,57.282
209.969,67.423,69.063,56.154
208.969,67.423,69.063,56.154
208.623,67.142,69.753,56.715
207.275,66.859,70.451,57.282
207.969,67.423,69.063,56.154
206.275,66.859,70.451,57.282
206.275,66.859,70.451,57.282
204.922,66.572,71.155,57.855
205.623,67.142,69.753,56.715
205.969,67.423,69.063,56.154
205.649,67.976,67.702,55.047
204.969,67.423,69.063,56.154
203.623,67.142,69.753,56.715
203.969,68.423,69.063,56.154
202.969,68.423,69.063,56.154
202.969,68.423,69.063,56.154
202.969,68.423,69.063,56.154
202.275,67.859,70.451,57.282
201.922,67.572,71.155,57.855
201.623,68.142,69.753,56.715
201.969,68.423,69.063,56.154
202.649,67.976,67.702,55.047
201.969,67.423,69.063,56.154
201.311,67.701,68.379,55.598
202.649,67.976,67.702,55.047
199.969,67.423,69.063,56.154
200.311,67.701,68.379,55.598
199.969,67.423,69.063,56.154
199.969,67.423,69.063,56.154
200.649,67.976,67.702,55.047
200.311,67.701,68.379,55.598
199.311,67.701,68.379,55.598
199.311,67.701,68.379,55.598
198.969,67.423,69.063,56.154
198.275,66.859,70.451,57.282
197.567,66.283,71.867,58.434
197.207,65.991,72.586,59.018
197.207,65.991,72.586,59.018
197.922,66.572,71.155,57.855
197.922,67.572,71.155,57.855
196.207,66.991,72.586,59.018
197.922,67.572,71.155,57.855
196.922,67.572,71.155,57.855
197.275,67.859,70.451,57.282
197.275,67.859,70.451,57.282
197.567,67.283,71.867,58.434
196.567,67.283,71.867,58.434
196.567,67.283,71.867,58.434
196.922,67.572,71.155,57.855
196.623,68.142,69.753,56.715
197.311,68.701,68.379,55.598
196.969,67.423,69.063,56.154
196.275,66.859,70.451,57.282
195.922,66.572,71.155,57.855
194.207,65.991,72.586,59.018
194.922,66.572,71.155,57.855
194.922,67.572,71.155,57.855
193.207,66.991,72.586,59.018
193.922,67.572,71.155,57.855
193.922,67.572,71.155,57.855
193.922,67.572,71.155,57.855
193.922,67.572,71.155,57.855
193.567,67.283,71.867,58.434
193.207,66.991,72.586,59.018
192.207,66.991,72.586,59.018
192.207,66.991,72.586,59.018
190.844,66.696,73.311,59.608
191.207,66.991,72.586,59.018
191.207,66.991,72.586,59.018
191.567,66.283,71.867,58.434
191.922,66.572,71.155,57.855
191.207,63.991,72.586,59.018
191.207,63.991,72.586,59.018
190.478,63.398,74.045,60.204
191.207,63.991,72.586,59.018
191.207,63.991,72.586,59.018
190.844,63.696,73.311,59.608
190.108,63.097,74.785,60.806
190.844,63.696,73.311,59.608
190.108,63.097,74.785,60.806
191.844,63.696,73.311,59.608
191.567,64.283,71.867,58.434
193.275,65.859,70.451,57.282
192.567,65.283,71.867,58.434
191.922,65.572,71.155,57.855
191.922,65.572,71.155,57.855
191.567,65.283,71.867,58.434
190.844,64.696,73.311,59.608
191.844,64.696,73.311,59.608
192.207,64.991,72.586,59.018
191.844,64.696,73.311,59.608
191.207,65.991,72.586,59.018
190.478,65.398,74.045,60.204
190.478,65.398,74.045,60.204
189.734,64.793,75.533,61.415
190.108,65.097,74.785,60.806
190.478,65.398,74.045,60.204
190.734,64.793,75.533,61.415
191.478,65.398,74.045,60.204
191.478,65.398,74.045,60.204
193.207,65.991,72.586,59.018
192.207,66.991,72.586,59.018
193.844,66.696,73.311,59.608
192.108,66.097,74.785,60.806
191.734,65.793,75.533,61.415
192.478,66.398,74.045,60.204
193.108,66.097,74.785,60.806
192.356,65.486,76.288,62.029
193.108,66.097,74.785,60.806
192.356,65.486,76.288,62.029
191.589,64.862,77.822,63.275
193.356,65.486,76.288,62.029
192.974,65.176,77.051,62.649
194.734,65.793,75.533,61.415
194.356,65.486,76.288,62.029
195.734,65.793,75.533,61.415
195.974,65.176,77.051,62.649
196.734,65.793,75.533,61.415
197.734,64.793,75.533,61.415
195.974,64.176,77.051,62.649
197.734,64.793,75.533,61.415
197.974,64.176,77.051,62.649
197.589,63.862,77.822,63.275
197.974,64.176,77.051,62.649
199.734,63.793,75.533,61.415
198.974,63.176,77.051,62.649
199.200,62.546,78.600,63.908
198.410,60.904,80.180,65.193
200.200,61.546,78.600,63.908
201.589,61.862,77.822,63.275
202.589,61.862,77.822,63.275
201.807,61.226,79.386,64.547
202.410,60.904,80.180,65.193
203.410,61.904,80.180,65.193
203.410,61.904,80.180,65.193
205.200,63.546,78.600,63.908
204.410,62.904,80.180,65.193
204.604,62.248,81.791,66.503
205.410,62.904,80.180,65.193
205.604,62.248,81.791,66.503
207.009,62.578,80.981,65.845
207.009,62.578,80.981,65.845
207.604,62.248,81.791,66.503
208.009,62.578,80.981,65.845
209.410,62.904,80.180,65.193
209.604,63.248,81.791,66.503
210.604,63.248,81.791,66.503
210.604,64.248,81.791,66.503
211.195,64.916,82.609,67.168
213.009,65.578,80.981,65.845
214.009,66.578,80.981,65.845
214.604,66.248,81.791,66.503
215.604,66.248,81.791,66.503
216.195,65.916,82.609,67.168
216.365,65.241,84.270,68.518
217.365,64.241,84.270,68.518
218.195,64.916,82.609,67.168
219.195,64.916,82.609,67.168
220.195,64.916,82.609,67.168
222.009,65.578,80.981,65.845
222.195,64.916,82.609,67.168
223.009,66.578,80.981,65.845
223.604,66.248,81.791,66.503
224.195,65.916,82.609,67.168
225.782,65.580,83.435,67.840
225.944,64.898,85.112,69.203
226.088,64.203,86.823,70.594
226.088,64.203,86.823,70.594
226.654,63.850,87.691,71.300
227.518,63.552,85.963,69.895
227.654,62.850,87.691,71.300
229.773,62.133,89.454,72.734
230.654,62.850,87.691,71.300
231.518,62.552,85.963,69.895
232.088,62.203,86.823,70.594
233.944,61.898,85.112,69.203
234.088,61.203,86.823,70.594
235.216,60.493,88.568,72.013
235.216,60.493,88.568,72.013
237.088,62.203,86.823,70.594
238.944,63.898,85.112,69.203
239.088,63.203,86.823,70.594
238.654,62.850,87.691,71.300
238.773,62.133,89.454,72.734
240.654,62.850,87.691,71.300
240.773,62.133,89.454,72.734
239.874,61.402,91.252,74.195
241.326,61.770,90.348,73.461
243.326,65.770,90.348,73.461
243.326,65.770,90.348,73.461
244.216,66.493,88.568,72.013
245.216,67.493,88.568,72.013
246.088,68.203,86.823,70.594
247.216,67.493,88.568,72.013
247.216,67.493,88.568,72.013
249.088,68.203,86.823,70.594
249.216,67.493,88.568,72.013
249.326,66.770,90.348,73.461
249.874,66.402,91.252,74.195
250.773,67.133,89.454,72.734
249.874,65.402,91.252,74.195
250.957,64.657,93.086,75.687
252.874,64.402,91.252,74.195
252.957,63.657,93.086,75.687
254.418,64.031,92.164,74.937
253.957,63.657,93.086,75.687
255.021,62.896,94.957,77.208
255.957,63.657,93.086,75.687
256.021,62.896,94.957,77.208
256.547,62.510,95.907,77.980
255.583,60.726,97.834,79.548
257.094,60.328,98.813,80.343
258.583,60.726,97.834,79.548
258.583,60.726,97.834,79.548
260.547,61.510,95.907,77.980
261.067,61.120,96.866,78.760
262.547,61.510,95.907,77.980
261.583,60.726,97.834,79.548
262.067,62.120,96.866,78.760
261.583,62.726,97.834,79.548
263.547,63.510,95.907,77.980
