143.000,125.000,30.000,54.000
143.000,125.000,30.000,54.000
142.850,124.730,30.300,54.540
143.149,125.267,29.703,53.465
142.850,124.730,30.300,54.540
142.698,124.457,30.603,55.085
142.391,124.904,31.218,56.193
142.698,125.457,30.603,55.085
143.000,126.000,30.000,54.000
142.850,125.730,30.300,54.540
142.545,125.182,30.909,55.636
142.391,124.904,31.218,56.193
142.698,125.457,30.603,55.085
142.545,125.182,30.909,55.636
142.698,125.457,30.603,55.085
140.545,123.182,30.909,55.636
140.235,122.623,31.530,56.755
139.918,122.052,32.164,57.895
140.595,122.470,32.811,59.059
140.431,123.175,33.139,59.650
140.757,125.763,32.486,58.474
140.431,125.175,33.139,59.650
141.098,125.576,33.805,60.849
140.758,124.964,34.484,62.072
140.411,125.340,35.177,63.319
140.585,125.654,34.829,62.692
139.411,125.340,35.177,63.319
139.235,126.024,35.529,63.952
140.235,127.024,35.529,63.952
140.235,126.024,35.529,63.952
141.058,126.704,35.884,64.592
141.878,127.381,36.243,65.238
140.697,127.055,36.606,65.890
141.329,126.393,37.341,67.215
141.514,126.725,36.972,66.549
141.514,126.725,36.972,66.549
140.143,127.057,37.715,67.887
138.954,127.717,38.092,68.566
138.329,129.393,37.341,67.215
134.954,128.717,38.092,68.566
134.329,129.393,37.341,67.215
132.514,129.725,36.972,66.549
130.514,129.725,36.972,66.549
128.329,129.393,37.341,67.215
127.954,123.717,38.092,68.566
127.329,123.393,37.341,67.215
128.954,122.717,38.092,68.566
131.329,124.393,37.341,67.215
133.143,122.057,37.715,67.887
139.143,122.057,37.715,67.887
140.764,121.374,38.473,69.251
142.954,124.717,38.092,68.566
147.764,119.374,38.473,69.251
146.764,123.374,38.473,69.251
145.571,127.028,38.858,69.944
144.571,126.028,38.858,69.944
142.571,125.028,38.858,69.944
136.764,126.374,38.473,69.251
136.377,129.678,39.246,70.643
134.377,131.678,39.246,70.643
134.764,134.374,38.473,69.251
136.143,136.057,37.715,67.887
136.954,135.717,38.092,68.566
139.329,136.393,37.341,67.215
139.514,135.725,36.972,66.549
139.697,132.055,36.606,65.890
138.697,131.055,36.606,65.890
137.329,129.393,37.341,67.215
136.143,128.057,37.715,67.887
136.143,124.057,37.715,67.887
138.954,116.717,38.092,68.566
141.764,105.374,38.473,69.251
142.571,98.028,38.858,69.944
143.181,90.325,39.639,71.350
143.782,80.608,40.435,72.784
137.580,81.244,40.840,73.512
131.982,80.968,40.035,72.063
123.580,84.244,40.840,73.512
111.376,96.877,41.248,74.247
102.376,110.877,41.248,74.247
96.580,124.244,40.840,73.512
96.170,136.505,41.661,74.989
101.170,147.505,41.661,74.989
109.961,160.130,42.077,75.739
121.376,167.877,41.248,74.247
136.782,174.608,40.435,72.784
146.181,178.325,39.639,71.350
154.982,177.968,40.035,72.063
160.782,176.608,40.435,72.784
162.376,169.877,41.248,74.247
160.580,160.244,40.840,73.512
157.376,149.877,41.248,74.247
154.782,141.608,40.435,72.784
151.580,133.244,40.840,73.512
146.782,127.608,40.435,72.784
140.181,120.325,39.639,71.350
131.377,117.678,39.246,70.643
124.571,118.028,38.858,69.944
114.954,119.717,38.092,68.566
111.329,125.393,37.341,67.215
110.697,128.055,36.606,65.890
111.514,130.725,36.972,66.549
116.697,131.055,36.606,65.890
121.697,131.055,36.606,65.890
128.058,132.704,35.884,64.592
134.058,131.704,35.884,64.592
138.235,128.024,35.529,63.952
142.235,125.024,35.529,63.952
147.411,123.340,35.177,63.319
148.411,120.340,35.177,63.319
149.058,116.704,35.884,64.592
148.697,114.055,36.606,65.890
146.058,112.704,35.884,64.592
145.411,110.340,35.177,63.319
141.758,109.964,34.484,62.072
136.585,109.654,34.829,62.692
131.929,114.271,34.143,61.457
129.758,117.964,34.484,62.072
130.411,122.340,35.177,63.319
131.058,123.704,35.884,64.592
132.697,122.055,36.606,65.890
133.058,122.704,35.884,64.592
134.411,123.340,35.177,63.319
135.058,121.704,35.884,64.592
134.697,121.055,36.606,65.890
134.058,120.704,35.884,64.592
133.411,118.340,35.177,63.319
131.411,114.340,35.177,63.319
130.235,113.024,35.529,63.952
130.585,113.654,34.829,62.692
130.929,113.271,34.143,61.457
130.265,113.877,33.470,60.246
129.265,112.877,33.470,60.246
130.431,116.175,33.139,59.650
130.098,112.576,33.805,60.849
126.431,111.175,33.139,59.650
126.595,111.470,32.811,59.059
128.918,113.052,32.164,57.895
124.595,117.470,32.811,59.059
124.918,118.052,32.164,57.895
126.595,115.470,32.811,59.059
126.757,113.763,32.486,58.474
132.077,118.339,31.846,57.322
112.391,126.904,31.218,56.193
99.391,121.904,31.218,56.193
100.699,125.457,30.603,55.085
101.000,126.000,30.000,54.000
98.850,127.730,30.300,54.540
95.850,131.730,30.300,54.540
96.149,129.267,29.703,53.465
95.441,129.794,29.118,52.412
94.728,125.310,28.544,51.379
93.728,122.310,28.544,51.379
93.869,116.565,28.261,50.870
91.148,126.066,27.704,49.868
92.421,133.557,27.159,48.885
92.148,133.066,27.704,49.868
92.148,130.066,27.704,49.868
92.421,130.557,27.159,48.885
93.421,129.557,27.159,48.885
93.285,129.313,27.430,49.374
94.421,129.557,27.159,48.885
94.555,129.799,26.890,48.401
95.285,130.313,27.430,49.374
95.285,130.313,27.430,49.374
95.009,129.817,27.982,50.367
96.285,130.313,27.430,49.374
95.421,131.557,27.159,48.885
94.148,132.066,27.704,49.868
93.421,135.557,27.159,48.885
92.148,135.066,27.704,49.868
89.285,137.313,27.430,49.374
88.148,139.066,27.704,49.868
85.869,139.565,28.261,50.870
84.869,139.565,28.261,50.870
81.585,139.054,28.829,51.893
81.585,140.054,28.829,51.893
80.728,138.310,28.544,51.379
80.585,138.054,28.829,51.893
80.296,137.532,29.409,52.936
80.149,137.267,29.703,53.465
81.296,137.532,29.409,52.936
81.149,137.267,29.703,53.465
81.850,135.730,30.300,54.540
82.149,134.267,29.703,53.465
83.000,133.000,30.000,54.000
83.850,132.730,30.300,54.540
85.149,131.267,29.703,53.465
86.296,131.532,29.409,52.936
86.149,131.267,29.703,53.465
86.441,129.794,29.118,52.412
86.296,128.532,29.409,52.936
85.149,127.267,29.703,53.465
82.441,127.794,29.118,52.412
79.296,127.532,29.409,52.936
73.441,127.794,29.118,52.412
69.585,128.054,28.829,51.893
62.296,127.532,29.409,52.936
56.296,127.532,29.409,52.936
51.441,127.794,29.118,52.412
48.296,127.532,29.409,52.936
44.149,125.267,29.703,53.465
42.441,125.794,29.118,52.412
42.728,126.310,28.544,51.379
45.009,128.817,27.982,50.367
49.009,128.817,27.982,50.367
49.285,129.313,27.430,49.374
51.148,129.066,27.704,49.868
52.285,129.313,27.430,49.374
53.285,130.313,27.430,49.374
54.148,130.066,27.704,49.868
56.148,130.066,27.704,49.868
56.285,130.313,27.430,49.374
57.148,130.066,27.704,49.868
56.869,129.565,28.261,50.870
57.148,131.066,27.704,49.868
58.285,132.313,27.430,49.374
59.421,132.557,27.159,48.885
60.555,132.799,26.890,48.401
60.421,132.557,27.159,48.885
61.555,132.799,26.890,48.401
62.555,132.799,26.890,48.401
62.688,133.039,26.623,47.922
62.555,132.799,26.890,48.401
62.688,129.039,26.623,47.922
50.421,130.557,27.159,48.885
39.688,132.039,26.623,47.922
35.688,136.039,26.623,47.922
17.951,116.511,26.099,46.978
18.080,117.744,25.840,46.513
18.334,119.202,25.331,45.596
18.334,117.202,25.331,45.596
18.584,118.651,24.832,44.698
18.829,119.091,24.343,43.817
18.949,119.308,24.102,43.383
18.949,119.308,24.102,43.383
18.949,118.308,24.102,43.383
18.949,119.308,24.102,43.383
18.949,118.308,24.102,43.383
19.068,119.523,23.863,42.954
18.949,119.308,24.102,43.383
17.949,119.308,24.102,43.383
18.187,119.736,23.627,42.529
18.187,119.736,23.627,42.529
18.187,119.736,23.627,42.529
18.419,120.155,23.161,41.691
18.187,119.736,23.627,42.529
18.187,119.736,23.627,42.529
18.187,119.736,23.627,42.529
18.303,119.946,23.393,42.107
18.419,120.155,23.161,41.691
18.303,119.946,23.393,42.107
18.303,119.946,23.393,42.107
18.303,119.946,23.393,42.107
18.303,119.946,23.393,42.107
18.303,119.946,23.393,42.107
18.303,119.946,23.393,42.107
18.419,120.155,23.161,41.691
18.187,119.736,23.627,42.529
18.187,119.736,23.627,42.529
18.303,119.946,23.393,42.107
18.303,119.946,23.393,42.107
18.534,120.361,22.932,41.278
18.534,120.361,22.932,41.278
18.760,120.768,22.480,40.464
18.534,120.361,22.932,41.278
18.303,119.946,23.393,42.107
18.534,120.361,22.932,41.278
18.534,120.361,22.932,41.278
18.303,119.946,23.393,42.107
18.534,120.361,22.932,41.278
18.419,120.155,23.161,41.691
18.419,120.155,23.161,41.691
18.419,120.155,23.161,41.691
18.534,120.361,22.932,41.278
18.534,120.361,22.932,41.278
18.303,119.946,23.393,42.107
18.303,119.946,23.393,42.107
18.303,119.946,23.393,42.107
18.303,119.946,23.393,42.107
18.187,119.736,23.627,42.529
18.303,119.946,23.393,42.107
18.303,119.946,23.393,42.107
18.534,120.361,22.932,41.278
18.303,119.946,23.393,42.107
18.303,119.946,23.393,42.107
18.534,120.361,22.932,41.278
18.419,120.155,23.161,41.691
18.647,120.565,22.705,40.869
18.534,120.361,22.932,41.278
18.419,120.155,23.161,41.691
18.534,120.361,22.932,41.278
18.303,119.946,23.393,42.107
18.303,119.946,23.393,42.107
18.187,119.736,23.627,42.529
18.419,120.155,23.161,41.691
18.419,120.155,23.161,41.691
18.534,120.361,22.932,41.278
18.647,120.565,22.705,40.869
18.534,120.361,22.932,41.278
18.647,120.565,22.705,40.869
18.534,120.361,22.932,41.278
18.419,120.155,23.161,41.691
18.534,120.361,22.932,41.278
18.303,119.946,23.393,42.107
18.534,120.361,22.932,41.278
18.303,119.946,23.393,42.107
18.187,119.736,23.627,42.529
18.303,119.946,23.393,42.107
18.419,120.155,23.161,41.691
18.534,120.361,22.932,41.278
18.534,120.361,22.932,41.278
18.534,120.361,22.932,41.278
18.534,120.361,22.932,41.278
18.303,119.946,23.393,42.107
18.534,120.361,22.932,41.278
18.419,120.155,23.161,41.691
18.187,119.736,23.627,42.529
18.187,119.736,23.627,42.529
18.419,120.155,23.161,41.691
18.534,120.361,22.932,41.278
18.534,120.361,22.932,41.278
18.534,120.361,22.932,41.278
18.303,119.946,23.393,42.107
18.303,119.946,23.393,42.107
18.303,119.946,23.393,42.107
18.534,120.361,22.932,41.278
18.534,120.361,22.932,41.278
18.534,120.361,22.932,41.278
18.534,120.361,22.932,41.278
18.534,120.361,22.932,41.278
18.419,120.155,23.161,41.691
18.647,120.565,22.705,40.869
18.534,120.361,22.932,41.278
18.534,120.361,22.932,41.278
18.534,120.361,22.932,41.278
18.534,120.361,22.932,41.278
18.534,120.361,22.932,41.278
18.534,120.361,22.932,41.278
18.419,120.155,23.161,41.691
18.534,120.361,22.932,41.278
18.534,120.361,22.932,41.278
18.534,120.361,22.932,41.278
18.419,120.155,23.161,41.691
18.419,120.155,23.161,41.691
18.534,120.361,22.932,41.278
18.534,120.361,22.932,41.278
18.419,120.155,23.161,41.691
18.419,120.155,23.161,41.691
18.534,120.361,22.932,41.278
18.534,120.361,22.932,41.278
18.534,120.361,22.932,41.278
18.419,120.155,23.161,41.691
18.419,120.155,23.161,41.691
18.534,120.361,22.932,41.278
18.534,120.361,22.932,41.278
18.534,120.361,22.932,41.278
18.534,120.361,22.932,41.278
18.419,120.155,23.161,41.691
18.419,120.155,23.161,41.691
18.303,119.946,23.393,42.107
18.534,120.361,22.932,41.278
18.534,120.361,22.932,41.278
18.303,119.946,23.393,42.107
18.303,119.946,23.393,42.107
18.419,120.155,23.161,41.691
18.534,120.361,22.932,41.278
18.419,120.155,23.161,41.691
18.534,120.361,22.932,41.278
18.534,120.361,22.932,41.278
18.647,120.565,22.705,40.869
18.534,120.361,22.932,41.278
18.534,120.361,22.932,41.278
18.534,120.361,22.932,41.278
18.534,120.361,22.932,41.278
18.534,120.361,22.932,41.278
18.534,120.361,22.932,41.278
18.534,120.361,22.932,41.278
18.303,119.946,23.393,42.107
18.534,120.361,22.932,41.278
18.534,120.361,22.932,41.278
18.647,120.565,22.705,40.869
18.534,120.361,22.932,41.278
18.534,120.361,22.932,41.278
18.534,120.361,22.932,41.278
18.534,120.361,22.932,41.278
18.534,120.361,22.932,41.278
18.534,120.361,22.932,41.278
18.534,120.361,22.932,41.278
18.534,120.361,22.932,41.278
18.419,120.155,23.161,41.691
18.534,120.361,22.932,41.278
18.419,120.155,23.161,41.691
18.419,120.155,23.161,41.691
18.534,120.361,22.932,41.278
18.419,120.155,23.161,41.691
18.534,120.361,22.932,41.278
18.534,120.361,22.932,41.278
18.760,120.768,22.480,40.464
18.534,120.361,22.932,41.278
18.534,120.361,22.932,41.278
18.303,119.946,23.393,42.107
18.534,120.361,22.932,41.278
18.534,120.361,22.932,41.278
18.647,120.565,22.705,40.869
18.534,120.361,22.932,41.278
18.534,120.361,22.932,41.278
18.534,120.361,22.932,41.278
18.647,120.565,22.705,40.869
18.419,120.155,23.161,41.691
18.534,120.361,22.932,41.278
18.534,120.361,22.932,41.278
18.534,120.361,22.932,41.278
18.534,120.361,22.932,41.278
18.419,120.155,23.161,41.691
18.534,120.361,22.932,41.278
18.534,120.361,22.932,41.278
18.534,120.361,22.932,41.278
18.534,120.361,22.932,41.278
18.534,120.361,22.932,41.278
18.303,119.946,23.393,42.107
18.303,119.946,23.393,42.107
18.419,120.155,23.161,41.691
18.534,120.361,22.932,41.278
18.647,120.565,22.705,40.869
18.534,120.361,22.932,41.278
18.647,120.565,22.705,40.869
18.534,120.361,22.932,41.278
18.534,120.361,22.932,41.278
18.647,120.565,22.705,40.869
18.419,120.155,23.161,41.691
18.534,120.361,22.932,41.278
18.534,120.361,22.932,41.278
18.534,120.361,22.932,41.278
18.534,120.361,22.932,41.278
18.534,120.361,22.932,41.278
18.534,120.361,22.932,41.278
18.534,120.361,22.932,41.278
18.534,120.361,22.932,41.278
18.419,120.155,23.161,41.691
18.647,120.565,22.705,40.869
18.534,120.361,22.932,41.278
18.534,120.361,22.932,41.278
18.647,120.565,22.705,40.869
18.534,120.361,22.932,41.278
18.419,120.155,23.161,41.691
18.419,120.155,23.161,41.691
18.534,120.361,22.932,41.278
18.647,120.565,22.705,40.869
18.419,120.155,23.161,41.691
18.534,120.361,22.932,41.278
18.534,120.361,22.932,41.278
18.534,120.361,22.932,41.278
18.534,120.361,22.932,41.278
18.534,120.361,22.932,41.278
18.534,120.361,22.932,41.278
18.534,120.361,22.932,41.278
18.303,119.946,23.393,42.107
18.419,120.155,23.161,41.691
18.419,120.155,23.161,41.691
18.534,120.361,22.932,41.278
18.534,120.361,22.932,41.278
18.534,120.361,22.932,41.278
18.534,120.361,22.932,41.278
18.534,120.361,22.932,41.278
18.534,120.361,22.932,41.278
18.534,120.361,22.932,41.278
18.419,120.155,23.161,41.691
18.534,120.361,22.932,41.278
18.534,120.361,22.932,41.278
18.534,120.361,22.932,41.278
18.534,120.361,22.932,41.278
