139.000,112.000,51.000,36.000
139.502,114.355,49.995,35.291
139.252,115.178,50.495,35.644
140.750,118.529,49.500,34.941
140.252,118.178,50.495,35.644
139.745,118.820,51.510,36.360
138.745,119.820,51.510,36.360
139.000,120.000,51.000,36.000
139.000,120.000,51.000,36.000
139.000,120.000,51.000,36.000
139.000,120.000,51.000,36.000
139.000,120.000,51.000,36.000
137.487,119.638,52.025,36.724
137.487,119.638,52.025,36.724
135.965,119.269,53.071,37.462
136.487,119.638,52.025,36.724
137.000,120.000,51.000,36.000
137.252,120.178,50.495,35.644
136.745,117.820,51.510,36.360
137.000,118.000,51.000,36.000
136.745,116.820,51.510,36.360
137.000,117.000,51.000,36.000
137.000,117.000,51.000,36.000
137.502,116.355,49.995,35.291
137.995,116.702,49.010,34.595
139.478,115.043,48.044,33.914
139.478,115.043,48.044,33.914
139.478,115.043,48.044,33.914
140.238,112.874,48.525,34.253
139.995,112.702,49.010,34.595
139.750,111.529,49.500,34.941
140.995,111.702,49.010,34.595
141.995,111.702,49.010,34.595
141.502,111.355,49.995,35.291
142.000,110.000,51.000,36.000
141.487,109.638,52.025,36.724
144.000,110.000,51.000,36.000
146.745,109.820,51.510,36.360
147.745,108.820,51.510,36.360
149.227,107.455,52.545,37.091
152.745,107.820,51.510,36.360
155.227,107.455,52.545,37.091
157.699,107.082,53.602,37.836
161.227,108.455,52.545,37.091
164.745,109.820,51.510,36.360
167.487,110.638,52.025,36.724
167.745,111.820,51.510,36.360
169.227,112.455,52.545,37.091
171.227,112.455,52.545,37.091
172.965,111.269,53.071,37.462
175.487,108.638,52.025,36.724
178.227,107.455,52.545,37.091
179.965,106.269,53.071,37.462
181.965,103.269,53.071,37.462
182.699,103.082,53.602,37.836
184.227,102.455,52.545,37.091
184.227,101.455,52.545,37.091
185.487,99.638,52.025,36.724
185.965,99.269,53.071,37.462
185.431,99.893,54.138,38.215
187.965,100.269,53.071,37.462
188.227,100.455,52.545,37.091
189.487,101.638,52.025,36.724
188.965,101.269,53.071,37.462
190.487,102.638,52.025,36.724
189.965,102.269,53.071,37.462
188.965,102.269,53.071,37.462
188.431,102.893,54.138,38.215
188.431,102.893,54.138,38.215
188.161,102.702,54.679,38.597
188.161,102.702,54.679,38.597
188.431,102.893,54.138,38.215
188.699,103.082,53.602,37.836
187.161,102.702,54.679,38.597
187.699,103.082,53.602,37.836
186.699,103.082,53.602,37.836
185.965,103.269,53.071,37.462
185.487,103.638,52.025,36.724
184.487,103.638,52.025,36.724
182.965,103.269,53.071,37.462
181.431,102.893,54.138,38.215
181.699,103.082,53.602,37.836
179.431,102.893,54.138,38.215
178.431,101.893,54.138,38.215
177.965,102.269,53.071,37.462
176.965,102.269,53.071,37.462
176.227,102.455,52.545,37.091
174.965,101.269,53.071,37.462
173.699,100.082,53.602,37.836
172.431,99.893,54.138,38.215
171.965,100.269,53.071,37.462
172.487,100.638,52.025,36.724
171.745,101.820,51.510,36.360
171.745,101.820,51.510,36.360
170.227,102.455,52.545,37.091
170.227,103.455,52.545,37.091
169.965,104.269,53.071,37.462
169.965,105.269,53.071,37.462
169.431,104.893,54.138,38.215
168.887,105.509,55.226,38.983
169.431,105.893,54.138,38.215
169.699,105.082,53.602,37.836
170.227,105.455,52.545,37.091
169.487,104.638,52.025,36.724
168.487,103.638,52.025,36.724
168.000,104.000,51.000,36.000
167.000,104.000,51.000,36.000
165.487,103.638,52.025,36.724
165.487,103.638,52.025,36.724
164.965,103.269,53.071,37.462
163.431,103.893,54.138,38.215
162.887,104.509,55.226,38.983
163.431,105.893,54.138,38.215
163.161,105.702,54.679,38.597
163.699,105.082,53.602,37.836
163.227,105.455,52.545,37.091
162.699,104.082,53.602,37.836
162.161,102.702,54.679,38.597
162.431,102.893,54.138,38.215
162.965,102.269,53.071,37.462
163.227,101.455,52.545,37.091
162.699,100.082,53.602,37.836
162.431,98.893,54.138,38.215
162.965,97.269,53.071,37.462
162.965,96.269,53.071,37.462
162.965,95.269,53.071,37.462
162.431,93.893,54.138,38.215
162.431,92.893,54.138,38.215
161.161,91.702,54.679,38.597
161.699,90.082,53.602,37.836
161.699,89.082,53.602,37.836
162.161,87.702,54.679,38.597
162.431,86.893,54.138,38.215
162.699,87.082,53.602,37.836
163.965,86.269,53.071,37.462
163.965,85.269,53.071,37.462
163.431,83.893,54.138,38.215
164.965,84.269,53.071,37.462
165.487,83.638,52.025,36.724
165.487,83.638,52.025,36.724
165.227,82.455,52.545,37.091
164.699,82.082,53.602,37.836
165.699,81.082,53.602,37.836
165.431,80.893,54.138,38.215
165.699,80.082,53.602,37.836
165.431,79.893,54.138,38.215
165.699,79.082,53.602,37.836
165.699,79.082,53.602,37.836
165.699,79.082,53.602,37.836
165.699,79.082,53.602,37.836
165.431,78.893,54.138,38.215
164.887,78.509,55.226,38.983
164.611,78.314,55.778,39.373
164.611,77.314,55.778,39.373
165.161,76.702,54.679,38.597
164.887,75.509,55.226,38.983
165.431,75.893,54.138,38.215
164.887,75.509,55.226,38.983
164.887,75.509,55.226,38.983
165.161,76.702,54.679,38.597
164.887,76.509,55.226,38.983
164.887,76.509,55.226,38.983
164.887,76.509,55.226,38.983
164.887,76.509,55.226,38.983
165.332,76.117,56.336,39.766
165.611,75.314,55.778,39.373
165.611,75.314,55.778,39.373
165.611,75.314,55.778,39.373
165.611,75.314,55.778,39.373
165.611,75.314,55.778,39.373
165.611,75.314,55.778,39.373
165.332,77.117,56.336,39.766
165.611,78.314,55.778,39.373
165.332,78.117,56.336,39.766
165.332,78.117,56.336,39.766
165.332,78.117,56.336,39.766
165.050,81.918,56.899,40.164
165.050,81.918,56.899,40.164
165.332,82.117,56.336,39.766
165.332,83.117,56.336,39.766
165.611,83.314,55.778,39.373
165.887,84.509,55.226,38.983
166.161,85.702,54.679,38.597
165.887,86.509,55.226,38.983
166.332,87.117,56.336,39.766
166.050,87.918,56.899,40.164
166.050,88.918,56.899,40.164
166.050,90.918,56.899,40.164
165.766,91.717,57.468,40.566
166.479,92.514,58.043,40.971
167.050,93.918,56.899,40.164
167.332,96.117,56.336,39.766
167.332,98.117,56.336,39.766
166.766,98.717,57.468,40.566
168.332,99.117,56.336,39.766
168.050,99.918,56.899,40.164
167.766,100.717,57.468,40.566
168.050,100.918,56.899,40.164
168.611,102.314,55.778,39.373
168.050,102.918,56.899,40.164
168.050,103.918,56.899,40.164
167.479,104.514,58.043,40.971
167.479,105.514,58.043,40.971
167.479,106.514,58.043,40.971
167.188,107.309,58.623,41.381
167.188,109.309,58.623,41.381
167.895,110.103,59.209,41.795
168.479,110.514,58.043,40.971
168.188,111.309,58.623,41.381
168.479,112.514,58.043,40.971
168.188,113.309,58.623,41.381
168.188,115.309,58.623,41.381
168.188,116.309,58.623,41.381
168.188,117.309,58.623,41.381
168.479,118.514,58.043,40.971
169.050,120.918,56.899,40.164
169.332,122.117,56.336,39.766
169.611,124.314,55.778,39.373
169.050,125.918,56.899,40.164
169.332,128.117,56.336,39.766
169.887,129.509,55.226,38.983
170.887,131.509,55.226,38.983
171.161,132.702,54.679,38.597
170.611,133.314,55.778,39.373
170.050,132.918,56.899,40.164
169.050,133.918,56.899,40.164
169.611,135.314,55.778,39.373
170.161,136.702,54.679,38.597
170.611,136.314,55.778,39.373
169.332,136.117,56.336,39.766
169.887,137.509,55.226,38.983
169.611,138.314,55.778,39.373
170.161,138.702,54.679,38.597
170.161,138.702,54.679,38.597
170.161,138.702,54.679,38.597
170.161,138.702,54.679,38.597
169.887,138.509,55.226,38.983
169.611,138.314,55.778,39.373
170.050,136.918,56.899,40.164
169.611,136.314,55.778,39.373
169.050,134.918,56.899,40.164
169.611,134.314,55.778,39.373
168.887,130.509,55.226,38.983
169.161,129.702,54.679,38.597
169.699,127.082,53.602,37.836
169.161,123.702,54.679,38.597
168.161,122.702,54.679,38.597
168.431,120.893,54.138,38.215
167.887,118.509,55.226,38.983
167.332,117.117,56.336,39.766
166.766,114.717,57.468,40.566
166.479,113.514,58.043,40.971
166.766,113.717,57.468,40.566
166.188,112.309,58.623,41.381
166.479,112.514,58.043,40.971
165.895,112.103,59.209,41.795
164.300,110.683,60.400,42.635
164.300,109.683,60.400,42.635
162.599,109.894,59.802,42.213
161.998,108.469,61.004,43.061
160.599,108.894,59.802,42.213
160.300,107.683,60.400,42.635
159.599,106.894,59.802,42.213
160.188,105.309,58.623,41.381
160.766,103.717,57.468,40.566
161.050,101.918,56.899,40.164
163.050,100.918,56.899,40.164
162.332,101.117,56.336,39.766
161.332,99.117,56.336,39.766
162.050,97.918,56.899,40.164
161.479,96.514,58.043,40.971
162.050,95.918,56.899,40.164
162.766,95.717,57.468,40.566
162.479,95.514,58.043,40.971
161.895,95.103,59.209,41.795
161.300,94.683,60.400,42.635
161.693,94.254,61.614,43.492
161.998,94.469,61.004,43.061
161.693,94.254,61.614,43.492
162.998,94.469,61.004,43.061
164.300,94.683,60.400,42.635
163.998,94.469,61.004,43.061
163.385,94.037,62.230,43.927
163.074,93.817,62.852,44.366
162.760,93.595,63.481,44.810
162.760,93.595,63.481,44.810
163.074,93.817,62.852,44.366
162.760,93.595,63.481,44.810
162.760,93.595,63.481,44.810
163.074,93.817,62.852,44.366
163.074,93.817,62.852,44.366
163.074,93.817,62.852,44.366
163.074,93.817,62.852,44.366
162.760,93.595,63.481,44.810
163.385,94.037,62.230,43.927
163.074,93.817,62.852,44.366
163.385,94.037,62.230,43.927
163.385,95.037,62.230,43.927
163.074,94.817,62.852,44.366
163.693,95.254,61.614,43.492
163.998,95.469,61.004,43.061
163.385,95.037,62.230,43.927
163.385,95.037,62.230,43.927
163.385,95.037,62.230,43.927
163.385,95.037,62.230,43.927
163.385,95.037,62.230,43.927
163.385,95.037,62.230,43.927
163.693,95.254,61.614,43.492
163.693,95.254,61.614,43.492
163.074,93.817,62.852,44.366
164.074,93.817,62.852,44.366
164.693,94.254,61.614,43.492
164.693,94.254,61.614,43.492
164.074,93.817,62.852,44.366
164.074,93.817,62.852,44.366
164.074,93.817,62.852,44.366
164.693,94.254,61.614,43.492
164.693,94.254,61.614,43.492
164.074,93.817,62.852,44.366
165.074,93.817,62.852,44.366
165.693,94.254,61.614,43.492
165.074,93.817,62.852,44.366
165.760,93.595,63.481,44.810
167.074,92.817,62.852,44.366
166.442,92.371,64.115,45.258
168.074,92.817,62.852,44.366
169.693,92.254,61.614,43.492
169.074,91.817,62.852,44.366
168.760,91.595,63.481,44.810
170.385,92.037,62.230,43.927
169.760,91.595,63.481,44.810
169.122,91.145,64.756,45.710
169.122,91.145,64.756,45.710
168.471,90.685,66.058,46.629
168.807,91.217,67.386,47.566
169.471,91.685,66.058,46.629
170.471,91.685,66.058,46.629
170.141,91.452,66.719,47.096
169.807,91.217,67.386,47.566
169.470,91.979,68.060,48.042
171.141,92.452,66.719,47.096
171.798,91.916,65.404,46.168
171.798,91.916,65.404,46.168
172.471,91.685,66.058,46.629
173.122,92.145,64.756,45.710
173.442,93.371,64.115,45.258
173.760,92.595,63.481,44.810
172.760,93.595,63.481,44.810
173.074,93.817,62.852,44.366
172.760,93.595,63.481,44.810
172.760,94.595,63.481,44.810
173.074,94.817,62.852,44.366
172.760,94.595,63.481,44.810
172.122,94.145,64.756,45.710
172.122,94.145,64.756,45.710
171.471,94.685,66.058,46.629
171.798,94.916,65.404,46.168
172.442,95.371,64.115,45.258
173.122,95.145,64.756,45.710
174.442,95.371,64.115,45.258
174.442,95.371,64.115,45.258
174.442,95.371,64.115,45.258
173.798,93.916,65.404,46.168
175.122,94.145,64.756,45.710
175.442,94.371,64.115,45.258
176.122,94.145,64.756,45.710
176.442,94.371,64.115,45.258
177.442,94.371,64.115,45.258
177.442,94.371,64.115,45.258
177.442,94.371,64.115,45.258
178.122,93.145,64.756,45.710
178.760,93.595,63.481,44.810
179.760,93.595,63.481,44.810
179.442,93.371,64.115,45.258
181.074,93.817,62.852,44.366
181.385,94.037,62.230,43.927
181.074,93.817,62.852,44.366
181.074,94.817,62.852,44.366
181.442,94.371,64.115,45.258
182.074,94.817,62.852,44.366
183.693,95.254,61.614,43.492
183.074,94.817,62.852,44.366
183.693,95.254,61.614,43.492
183.998,95.469,61.004,43.061
183.385,96.037,62.230,43.927
184.693,96.254,61.614,43.492
184.385,96.037,62.230,43.927
183.760,95.595,63.481,44.810
184.385,96.037,62.230,43.927
184.074,95.817,62.852,44.366
184.385,96.037,62.230,43.927
184.760,95.595,63.481,44.810
185.385,97.037,62.230,43.927
185.074,96.817,62.852,44.366
186.693,97.254,61.614,43.492
186.074,96.817,62.852,44.366
186.385,97.037,62.230,43.927
186.074,96.817,62.852,44.366
186.385,97.037,62.230,43.927
186.385,97.037,62.230,43.927
186.385,97.037,62.230,43.927
186.385,97.037,62.230,43.927
185.760,96.595,63.481,44.810
185.760,96.595,63.481,44.810
186.385,97.037,62.230,43.927
187.074,96.817,62.852,44.366
187.693,97.254,61.614,43.492
187.385,97.037,62.230,43.927
187.385,97.037,62.230,43.927
187.693,97.254,61.614,43.492
187.693,97.254,61.614,43.492
187.693,97.254,61.614,43.492
187.074,96.817,62.852,44.366
187.385,97.037,62.230,43.927
187.693,97.254,61.614,43.492
187.693,97.254,61.614,43.492
187.074,96.817,62.852,44.366
187.693,97.254,61.614,43.492
187.693,97.254,61.614,43.492
187.385,97.037,62.230,43.927
187.074,96.817,62.852,44.366
186.442,96.371,64.115,45.258
186.442,96.371,64.115,45.258
187.074,96.817,62.852,44.366
187.074,96.817,62.852,44.366
187.442,96.371,64.115,45.258
187.760,96.595,63.481,44.810
188.385,97.037,62.230,43.927
188.074,96.817,62.852,44.366
188.074,96.817,62.852,44.366
188.074,96.817,62.852,44.366
188.074,96.817,62.852,44.366
188.442,96.371,64.115,45.258
189.074,96.817,62.852,44.366
189.442,96.371,64.115,45.258
189.760,96.595,63.481,44.810
189.760,96.595,63.481,44.810
190.074,96.817,62.852,44.366
190.385,97.037,62.230,43.927
189.385,97.037,62.230,43.927
188.998,97.469,61.004,43.061
188.300,97.683,60.400,42.635
187.599,97.894,59.802,42.213
186.300,96.683,60.400,42.635
185.599,96.894,59.802,42.213
183.998,96.469,61.004,43.061
183.385,96.037,62.230,43.927
182.998,96.469,61.004,43.061
181.693,96.254,61.614,43.492
181.385,96.037,62.230,43.927
181.074,95.817,62.852,44.366
180.693,96.254,61.614,43.492
180.385,97.037,62.230,43.927
179.998,96.469,61.004,43.061
179.385,96.037,62.230,43.927
178.998,97.469,61.004,43.061
178.385,97.037,62.230,43.927
177.074,96.817,62.852,44.366
177.693,97.254,61.614,43.492
177.385,97.037,62.230,43.927
177.998,97.469,61.004,43.061
176.998,97.469,61.004,43.061
176.693,97.254,61.614,43.492
176.693,97.254,61.614,43.492
176.385,97.037,62.230,43.927
176.693,97.254,61.614,43.492
176.693,97.254,61.614,43.492
177.385,97.037,62.230,43.927
177.693,97.254,61.614,43.492
178.693,97.254,61.614,43.492
179.300,97.683,60.400,42.635
179.693,97.254,61.614,43.492
180.074,96.817,62.852,44.366
180.442,96.371,64.115,45.258
180.122,97.145,64.756,45.710
180.798,96.916,65.404,46.168
181.442,97.371,64.115,45.258
181.798,96.916,65.404,46.168
182.442,97.371,64.115,45.258
182.798,96.916,65.404,46.168
184.442,97.371,64.115,45.258
184.122,97.145,64.756,45.710
185.760,97.595,63.481,44.810
186.760,97.595,63.481,44.810
189.385,98.037,62.230,43.927
190.385,98.037,62.230,43.927
191.385,98.037,62.230,43.927
191.760,98.595,63.481,44.810
193.385,98.037,62.230,43.927
194.998,98.469,61.004,43.061
196.300,98.683,60.400,42.635
198.895,99.103,59.209,41.795
199.599,97.894,59.802,42.213
200.599,98.894,59.802,42.213
201.599,97.894,59.802,42.213
202.599,97.894,59.802,42.213
202.998,97.469,61.004,43.061
202.693,98.254,61.614,43.492
203.998,98.469,61.004,43.061
202.693,98.254,61.614,43.492
202.385,98.037,62.230,43.927
200.760,97.595,63.481,44.810
199.760,97.595,63.481,44.810
198.442,97.371,64.115,45.258
195.798,96.916,65.404,46.168
194.471,96.685,66.058,46.629
191.807,96.217,67.386,47.566
191.471,95.685,66.058,46.629
188.807,95.217,67.386,47.566
186.470,94.979,68.060,48.042
186.141,95.452,66.719,47.096
185.471,94.685,66.058,46.629
184.798,94.916,65.404,46.168
183.798,94.916,65.404,46.168
183.122,94.145,64.756,45.710
182.442,94.371,64.115,45.258
181.760,94.595,63.481,44.810
182.385,94.037,62.230,43.927
181.760,94.595,63.481,44.810
182.074,94.817,62.852,44.366
181.760,94.595,63.481,44.810
180.122,94.145,64.756,45.710
180.442,94.371,64.115,45.258
180.760,94.595,63.481,44.810
179.760,94.595,63.481,44.810
180.074,94.817,62.852,44.366
180.693,94.254,61.614,43.492
180.385,93.037,62.230,43.927
178.760,90.595,63.481,44.810
179.385,91.037,62.230,43.927
178.074,88.817,62.852,44.366
178.385,88.037,62.230,43.927
178.385,87.037,62.230,43.927
178.998,86.469,61.004,43.061
178.385,86.037,62.230,43.927
178.385,86.037,62.230,43.927
177.760,85.595,63.481,44.810
178.385,85.037,62.230,43.927
178.385,85.037,62.230,43.927
178.385,85.037,62.230,43.927
178.074,84.817,62.852,44.366
178.693,84.254,61.614,43.492
178.385,84.037,62.230,43.927
178.998,83.469,61.004,43.061
178.385,83.037,62.230,43.927
177.760,82.595,63.481,44.810
178.385,83.037,62.230,43.927
177.760,82.595,63.481,44.810
177.760,82.595,63.481,44.810
178.074,82.817,62.852,44.366
177.760,82.595,63.481,44.810
177.122,82.145,64.756,45.710
177.122,83.145,64.756,45.710
176.471,84.685,66.058,46.629
177.122,86.145,64.756,45.710
177.122,87.145,64.756,45.710
176.798,87.916,65.404,46.168
177.442,90.371,64.115,45.258
175.798,90.916,65.404,46.168
175.471,92.685,66.058,46.629
175.798,93.916,65.404,46.168
176.442,96.371,64.115,45.258
176.122,97.145,64.756,45.710
176.122,99.145,64.756,45.710
176.122,101.145,64.756,45.710
174.471,101.685,66.058,46.629
174.471,102.685,66.058,46.629
174.471,103.685,66.058,46.629
173.471,106.685,66.058,46.629
173.141,107.452,66.719,47.096
172.798,110.916,65.404,46.168
172.141,113.452,66.719,47.096
170.807,115.217,67.386,47.566
170.470,116.979,68.060,48.042
168.786,118.496,69.428,49.008
168.470,121.979,68.060,48.042
168.141,124.452,66.719,47.096
166.807,125.217,67.386,47.566
166.130,125.739,68.740,48.523
165.470,127.979,68.060,48.042
165.141,129.452,66.719,47.096
163.470,128.979,68.060,48.042
163.141,128.452,66.719,47.096
162.471,127.685,66.058,46.629
162.471,127.685,66.058,46.629
160.807,126.217,67.386,47.566
160.471,125.685,66.058,46.629
159.471,124.685,66.058,46.629
158.141,124.452,66.719,47.096
157.798,123.916,65.404,46.168
157.141,122.452,66.719,47.096
157.141,121.452,66.719,47.096
156.807,121.217,67.386,47.566
156.807,120.217,67.386,47.566
157.807,121.217,67.386,47.566
159.471,122.685,66.058,46.629
158.807,124.217,67.386,47.566
158.807,123.217,67.386,47.566
158.141,119.452,66.719,47.096
156.807,116.217,67.386,47.566
155.141,113.452,66.719,47.096
150.470,111.979,68.060,48.042
148.141,112.452,66.719,47.096
146.807,113.217,67.386,47.566
147.141,114.452,66.719,47.096
146.807,116.217,67.386,47.566
147.470,115.979,68.060,48.042
150.141,118.452,66.719,47.096
152.141,119.452,66.719,47.096
151.470,118.979,68.060,48.042
151.786,117.496,69.428,49.008
153.130,117.739,68.740,48.523
151.786,114.496,69.428,49.008
151.130,112.739,68.740,48.523
150.470,110.979,68.060,48.042
150.807,108.217,67.386,47.566
149.807,108.217,67.386,47.566
148.130,106.739,68.740,48.523
147.807,106.217,67.386,47.566
146.130,104.739,68.740,48.523
146.130,104.739,68.740,48.523
144.439,104.251,70.122,49.498
145.130,104.739,68.740,48.523
144.439,104.251,70.122,49.498
142.786,103.496,69.428,49.008
142.130,102.739,68.740,48.523
142.470,101.979,68.060,48.042
142.141,99.452,66.719,47.096
140.470,98.979,68.060,48.042
141.141,98.452,66.719,47.096
142.471,98.685,66.058,46.629
142.807,98.217,67.386,47.566
142.470,97.979,68.060,48.042
142.470,98.979,68.060,48.042
142.807,100.217,67.386,47.566
142.470,99.979,68.060,48.042
141.786,98.496,69.428,49.008
141.088,97.004,70.823,49.993
139.439,96.251,70.122,49.498
137.439,95.251,70.122,49.498
136.439,94.251,70.122,49.498
135.734,92.754,71.531,50.493
135.734,92.754,71.531,50.493
135.734,93.754,71.531,50.493
137.015,94.246,72.969,51.508
137.015,97.246,72.969,51.508
137.377,98.501,72.247,50.998
136.651,98.989,73.699,52.023
136.282,99.729,74.436,52.543
136.282,99.729,74.436,52.543
137.015,100.246,72.969,51.508
136.015,101.246,72.969,51.508
135.651,97.989,73.699,52.023
133.910,96.466,75.180,53.068
132.651,95.989,73.699,52.023
131.910,95.466,75.180,53.068
131.154,95.932,76.691,54.135
132.154,96.932,76.691,54.135
134.154,96.932,76.691,54.135
139.534,98.200,75.932,53.599
140.282,99.729,74.436,52.543
141.282,100.729,74.436,52.543
141.651,101.989,73.699,52.023
141.282,101.729,74.436,52.543
139.282,100.729,74.436,52.543
139.015,99.246,72.969,51.508
135.651,98.989,73.699,52.023
133.651,98.989,73.699,52.023
130.377,100.501,72.247,50.998
127.651,100.989,73.699,52.023
126.282,103.729,74.436,52.543
125.534,105.200,75.932,53.599
126.910,106.466,75.180,53.068
127.154,105.932,76.691,54.135
127.154,105.932,76.691,54.135
126.384,105.388,78.233,55.223
124.771,105.662,77.458,54.676
123.992,104.112,79.015,55.775
124.198,103.552,80.603,56.897
126.198,102.552,80.603,56.897
126.795,102.267,81.409,57.465
128.795,102.267,81.409,57.465
130.795,102.267,81.409,57.465
132.388,101.980,82.224,58.040
137.198,102.552,80.603,56.897
137.795,102.267,81.409,57.465
139.198,102.552,80.603,56.897
138.992,103.112,79.015,55.775
138.771,102.662,77.458,54.676
134.534,102.200,75.932,53.599
130.771,101.662,77.458,54.676
127.384,102.388,78.233,55.223
125.771,105.662,77.458,54.676
127.534,108.200,75.932,53.599
129.282,109.729,74.436,52.543
127.534,110.200,75.932,53.599
126.534,111.200,75.932,53.599
124.154,111.932,76.691,54.135
122.384,111.388,78.233,55.223
121.154,112.932,76.691,54.135
121.534,113.200,75.932,53.599
121.154,112.932,76.691,54.135
122.910,113.466,75.180,53.068
123.910,112.466,75.180,53.068
123.154,111.932,76.691,54.135
121.771,109.662,77.458,54.676
120.771,107.662,77.458,54.676
117.384,105.388,78.233,55.223
113.771,103.662,77.458,54.676
110.534,102.200,75.932,53.599
104.771,99.662,77.458,54.676
100.534,98.200,75.932,53.599
96.282,97.729,74.436,52.543
91.534,96.200,75.932,53.599
91.282,95.729,74.436,52.543
90.534,95.200,75.932,53.599
91.282,94.729,74.436,52.543
92.282,94.729,74.436,52.543
91.534,94.200,75.932,53.599
89.771,93.662,77.458,54.676
88.384,93.388,78.233,55.223
87.771,92.662,77.458,54.676
86.992,92.112,79.015,55.775
88.384,92.388,78.233,55.223
87.597,92.833,79.805,56.333
88.384,93.388,78.233,55.223
88.597,92.833,79.805,56.333
89.384,94.388,78.233,55.223
89.384,94.388,78.233,55.223
87.771,93.662,77.458,54.676
82.992,93.112,79.015,55.775
79.198,92.552,80.603,56.897
73.597,91.833,79.805,56.333
68.198,90.552,80.603,56.897
64.597,90.833,79.805,56.333
64.597,89.833,79.805,56.333
65.384,90.388,78.233,55.223
71.771,91.662,77.458,54.676
78.384,96.388,78.233,55.223
88.597,96.833,79.805,56.333
95.992,101.112,79.015,55.775
100.384,102.388,78.233,55.223
98.597,101.833,79.805,56.333
96.384,102.388,78.233,55.223
90.597,101.833,79.805,56.333
89.198,100.552,80.603,56.897
87.795,99.267,81.409,57.465
88.198,98.552,80.603,56.897
89.992,100.112,79.015,55.775
92.198,100.552,80.603,56.897
95.795,101.267,81.409,57.465
98.597,102.833,79.805,56.333
101.198,103.552,80.603,56.897
105.597,103.833,79.805,56.333
108.198,103.552,80.603,56.897
112.388,102.980,82.224,58.040
117.562,102.397,83.876,59.207
122.388,103.980,82.224,58.040
124.562,104.397,83.876,59.207
125.977,104.690,83.046,58.621
126.143,104.101,84.715,59.799
126.562,104.397,83.876,59.207
126.143,103.101,84.715,59.799
127.143,103.101,84.715,59.799
133.291,101.500,86.418,61.001
139.423,99.887,88.155,62.227
147.291,100.500,86.418,61.001
154.719,100.802,85.562,60.397
160.562,102.397,83.876,59.207
163.719,102.802,85.562,60.397
167.291,103.500,86.418,61.001
170.423,103.887,88.155,62.227
175.423,104.887,88.155,62.227
178.982,105.575,89.036,62.849
183.982,106.575,89.036,62.849
188.859,108.195,87.282,61.611
192.859,108.195,87.282,61.611
196.423,108.887,88.155,62.227
199.537,107.261,89.927,63.478
203.537,106.261,89.927,63.478
206.087,105.944,90.826,64.112
209.633,105.623,91.734,64.754
212.174,104.299,92.652,65.401
216.087,104.944,90.826,64.112
218.982,105.575,89.036,62.849
219.087,104.944,90.826,64.112
219.174,104.299,92.652,65.401
220.633,105.623,91.734,64.754
220.633,106.623,91.734,64.754
221.537,106.261,89.927,63.478
221.982,106.575,89.036,62.849
221.982,106.575,89.036,62.849
221.982,106.575,89.036,62.849
222.423,106.887,88.155,62.227
221.537,107.261,89.927,63.478
221.423,107.887,88.155,62.227
217.291,108.500,86.418,61.001
212.423,105.887,88.155,62.227
207.859,106.195,87.282,61.611
204.423,103.887,88.155,62.227
201.537,102.261,89.927,63.478
199.633,101.623,91.734,64.754
200.087,101.944,90.826,64.112
201.982,104.575,89.036,62.849
200.859,106.195,87.282,61.611
193.982,106.575,89.036,62.849
190.982,106.575,89.036,62.849
184.537,105.261,89.927,63.478
178.982,104.575,89.036,62.849
171.087,102.944,90.826,64.112
165.982,101.575,89.036,62.849
164.859,102.195,87.282,61.611
160.719,102.802,85.562,60.397
157.719,101.802,85.562,60.397
153.719,101.802,85.562,60.397
148.719,101.802,85.562,60.397
145.719,101.802,85.562,60.397
142.562,102.397,83.876,59.207
139.719,101.802,85.562,60.397
136.562,102.397,83.876,59.207
133.562,102.397,83.876,59.207
130.143,102.101,84.715,59.799
126.719,101.802,85.562,60.397
125.562,102.397,83.876,59.207
123.977,102.690,83.046,58.621
121.562,103.397,83.876,59.207
118.719,103.802,85.562,60.397
116.291,104.500,86.418,61.001
116.143,106.101,84.715,59.799
113.291,106.500,86.418,61.001
110.859,106.195,87.282,61.611
109.291,106.500,86.418,61.001
108.143,106.101,84.715,59.799
105.291,105.500,86.418,61.001
102.719,105.802,85.562,60.397
100.859,105.195,87.282,61.611
100.719,105.802,85.562,60.397
99.291,104.500,86.418,61.001
99.423,102.887,88.155,62.227
99.423,101.887,88.155,62.227
99.982,101.575,89.036,62.849
99.537,101.261,89.927,63.478
99.633,103.623,91.734,64.754
99.633,107.623,91.734,64.754
99.174,111.299,92.652,65.401
98.711,112.972,93.578,66.055
98.633,115.623,91.734,64.754
97.174,116.299,92.652,65.401
98.087,115.944,90.826,64.112
96.174,110.299,92.652,65.401
97.087,104.944,90.826,64.112
96.174,98.299,92.652,65.401
97.174,92.299,92.652,65.401
99.087,87.944,90.826,64.112
99.087,85.944,90.826,64.112
101.982,85.575,89.036,62.849
104.087,84.944,90.826,64.112
108.537,86.261,89.927,63.478
109.982,91.575,89.036,62.849
110.087,96.944,90.826,64.112
109.633,103.623,91.734,64.754
109.537,110.261,89.927,63.478
107.633,111.623,91.734,64.754
105.711,112.972,93.578,66.055
104.771,112.309,95.459,67.383
103.811,109.631,97.378,68.737
101.833,102.941,99.335,70.119
102.324,102.288,98.351,69.425
100.833,97.941,99.335,70.119
100.336,92.590,100.328,70.820
99.834,88.236,101.332,71.528
100.833,83.941,99.335,70.119
100.336,81.590,100.328,70.820
102.324,81.288,98.351,69.425
102.336,80.590,100.328,70.820
107.324,85.288,98.351,69.425
107.336,91.590,100.328,70.820
113.324,98.288,98.351,69.425
115.293,101.972,96.414,68.057
116.293,101.972,96.414,68.057
117.324,101.288,98.351,69.425
117.833,98.941,99.335,70.119
117.833,93.941,99.335,70.119
118.336,90.590,100.328,70.820
117.328,85.878,102.345,72.243
116.816,83.517,103.368,72.966
115.816,81.517,103.368,72.966
115.328,80.878,102.345,72.243
114.834,80.236,101.332,71.528
113.816,78.517,103.368,72.966
113.299,76.152,104.402,73.696
112.299,71.152,104.402,73.696
111.777,69.784,105.446,74.433
111.299,70.152,104.402,73.696
110.250,70.412,106.501,75.177
113.299,73.152,104.402,73.696
115.299,79.152,104.402,73.696
114.777,85.784,105.446,74.433
115.250,92.412,106.501,75.177
118.299,97.152,104.402,73.696
117.250,99.412,106.501,75.177
116.179,99.656,108.641,76.688
115.179,98.656,108.641,76.688
114.088,94.885,110.825,78.229
114.088,91.885,110.825,78.229
114.088,86.885,110.825,78.229
112.974,84.099,113.052,79.802
111.838,81.297,115.325,81.406
112.838,74.297,115.325,81.406
114.408,72.700,114.183,80.600
114.838,71.297,115.325,81.406
115.408,71.700,114.183,80.600
114.838,74.297,115.325,81.406
115.974,84.099,113.052,79.802
115.974,93.099,113.052,79.802
114.838,103.297,115.325,81.406
113.838,113.297,115.325,81.406
114.408,122.700,114.183,80.600
112.261,120.890,116.478,82.220
110.838,114.297,115.325,81.406
109.974,109.099,113.052,79.802
108.533,102.494,111.933,79.012
106.408,92.700,114.183,80.600
106.261,83.890,116.478,82.220
105.090,76.064,118.819,83.872
104.896,73.221,121.208,85.558
103.678,69.361,123.644,87.278
104.896,71.221,121.208,85.558
105.090,75.064,118.819,83.872
103.496,84.644,120.007,84.711
100.290,93.793,122.420,86.414
97.678,104.361,123.644,87.278
94.435,114.484,126.129,89.032
93.060,123.925,124.880,88.151
91.435,122.484,126.129,89.032
90.060,115.925,124.880,88.151
87.805,105.039,127.390,89.923
87.435,94.484,126.129,89.032
85.805,83.039,127.390,89.923
85.060,74.925,124.880,88.151
83.435,68.484,126.129,89.032
82.060,68.925,124.880,88.151
79.805,70.039,127.390,89.923
77.525,79.135,129.951,91.730
75.875,89.676,131.250,92.647
73.219,102.213,132.563,93.574
72.886,112.273,135.227,95.455
70.886,114.273,135.227,95.455
71.210,112.795,136.580,96.409
67.838,100.826,139.325,98.347
66.141,89.335,140.718,99.331
65.437,76.838,142.125,100.324
68.838,66.826,139.325,98.347
71.210,57.795,136.580,96.409
71.886,52.273,135.227,95.455
70.527,48.313,137.946,97.373
68.838,46.826,139.325,98.347
69.210,48.795,136.580,96.409
65.838,53.826,139.325,98.347
64.838,64.826,139.325,98.347
62.437,75.838,142.125,100.324
61.141,89.335,140.718,99.331
58.727,100.336,143.547,101.327
56.284,110.318,146.432,103.364
55.284,110.318,146.432,103.364
54.284,103.318,146.432,103.364
53.284,93.318,146.432,103.364
52.284,83.318,146.432,103.364
52.552,71.801,147.896,104.397
54.284,61.318,146.432,103.364
55.284,52.318,146.432,103.364
56.009,48.830,144.982,102.340
54.552,47.801,147.896,104.397
54.552,48.801,147.896,104.397
53.552,56.801,147.896,104.397
52.066,68.752,150.869,106.496
49.549,81.682,153.901,108.636
48.003,96.590,156.995,110.820
46.003,110.590,156.995,110.820
44.425,120.476,160.150,113.047
41.425,121.476,160.150,113.047
38.815,116.340,163.369,115.320
36.998,102.764,165.003,116.473
35.340,88.593,168.320,118.814
36.499,74.999,170.003,120.002
41.173,64.181,166.653,117.638
46.815,57.340,163.369,115.320
50.425,53.476,160.150,113.047
49.624,52.911,161.752,114.178
51.425,55.476,160.150,113.047
49.815,64.340,163.369,115.320
49.173,76.181,166.653,117.638
47.499,89.999,170.003,120.002
45.790,102.793,173.420,122.414
47.499,116.999,170.003,120.002
43.649,118.399,171.703,121.202
41.923,115.181,175.154,123.638
39.163,99.938,178.675,126.123
38.269,85.308,180.462,127.385
39.367,70.671,182.266,128.658
41.456,56.027,184.089,129.945
46.269,44.308,180.462,127.385
47.269,36.308,180.462,127.385
48.163,34.938,178.675,126.123
50.047,36.563,176.906,124.875
49.923,44.181,175.154,123.638
47.923,58.181,175.154,123.638
46.923,73.181,175.154,123.638
45.047,87.563,176.906,124.875
42.269,96.308,180.462,127.385
39.367,95.671,182.266,128.658
36.456,93.027,184.089,129.945
36.367,80.671,182.266,128.658
37.163,67.938,178.675,126.123
39.923,56.181,175.154,123.638
43.790,43.793,173.420,122.414
47.499,32.999,170.003,120.002
48.499,25.999,170.003,120.002
47.790,24.793,173.420,122.414
49.649,26.399,171.703,121.202
50.340,30.593,168.320,118.814
48.499,42.999,170.003,120.002
45.790,57.793,173.420,122.414
44.047,74.563,176.906,124.875
41.269,89.308,180.462,127.385
39.456,102.027,184.089,129.945
38.606,107.722,187.789,132.557
36.718,104.389,191.564,135.221
37.606,92.722,187.789,132.557
39.535,80.378,185.930,131.244
40.535,67.378,185.930,131.244
41.535,56.378,185.930,131.244
42.535,50.378,185.930,131.244
41.667,45.059,189.667,133.883
43.535,45.378,185.930,131.244
46.456,48.027,184.089,129.945
44.606,60.722,187.789,132.557
42.718,74.389,191.564,135.221
40.793,88.030,195.414,137.939
41.718,98.389,191.564,135.221
40.718,98.389,191.564,135.221
40.667,95.059,189.667,133.883
40.606,81.722,187.789,132.557
43.456,71.027,184.089,129.945
43.606,63.722,187.789,132.557
45.535,52.378,185.930,131.244
47.367,52.671,182.266,128.658
48.269,52.308,180.462,127.385
50.163,55.938,178.675,126.123
49.269,71.308,180.462,127.385
46.456,87.027,184.089,129.945
47.269,105.308,180.462,127.385
46.163,112.938,178.675,126.123
45.163,108.938,178.675,126.123
45.047,95.563,176.906,124.875
46.923,83.181,175.154,123.638
47.163,69.938,178.675,126.123
51.367,55.671,182.266,128.658
56.269,44.308,180.462,127.385
61.047,37.563,176.906,124.875
65.790,36.793,173.420,122.414
69.499,37.999,170.003,120.002
73.173,41.181,166.653,117.638
74.998,53.764,165.003,116.473
76.815,66.340,163.369,115.320
77.815,69.340,163.369,115.320
81.425,78.476,160.150,113.047
84.003,78.590,156.995,110.820
87.003,72.590,156.995,110.820
89.549,62.682,153.901,108.636
90.780,50.139,155.440,109.723
94.549,42.682,153.901,108.636
97.311,34.220,152.378,107.561
101.812,32.279,149.375,105.441
108.284,34.318,146.432,103.364
110.727,40.336,143.547,101.327
113.141,54.335,140.718,99.331
111.437,66.838,142.125,100.324
112.141,81.335,140.718,99.331
111.141,94.335,140.718,99.331
112.527,107.313,137.946,97.373
113.210,107.795,136.580,96.409
111.838,99.826,139.325,98.347
112.141,87.335,140.718,99.331
117.838,74.826,139.325,98.347
122.210,63.795,136.580,96.409
126.886,52.273,135.227,95.455
130.219,43.213,132.563,93.574
131.875,37.676,131.250,92.647
134.168,37.589,128.664,90.822
136.805,40.039,127.390,89.923
137.168,47.589,128.664,90.822
135.875,57.676,131.250,92.647
137.525,72.135,129.951,91.730
138.219,88.213,132.563,93.574
139.525,100.135,129.951,91.730
141.525,111.135,129.951,91.730
142.805,111.039,127.390,89.923
142.168,101.589,128.664,90.822
143.435,91.484,126.129,89.032
144.678,79.361,123.644,87.278
145.678,62.361,123.644,87.278
148.678,52.361,123.644,87.278
149.435,41.484,126.129,89.032
151.678,35.361,123.644,87.278
153.896,36.221,121.208,85.558
155.090,38.064,118.819,83.872
155.261,43.890,116.478,82.220
155.408,54.700,114.183,80.600
154.261,64.890,116.478,82.220
156.408,80.700,114.183,80.600
157.533,95.494,111.933,79.012
157.533,104.494,111.933,79.012
156.533,108.494,111.933,79.012
157.636,108.273,109.728,77.455
156.636,100.273,109.728,77.455
155.088,90.885,110.825,78.229
153.974,81.099,113.052,79.802
153.408,70.700,114.183,80.600
155.533,62.494,111.933,79.012
156.636,55.273,109.728,77.455
157.717,52.036,107.566,75.929
158.777,51.784,105.446,74.433
158.816,53.517,103.368,72.966
159.328,59.878,102.345,72.243
159.336,67.590,100.328,70.820
158.834,76.236,101.332,71.528
157.816,84.517,103.368,72.966
157.816,93.517,103.368,72.966
156.299,98.152,104.402,73.696
156.328,98.878,102.345,72.243
155.834,95.236,101.332,71.528
154.834,87.236,101.332,71.528
155.833,79.941,99.335,70.119
155.833,71.941,99.335,70.119
157.811,65.631,97.378,68.737
157.833,62.941,99.335,70.119
158.324,63.288,98.351,69.425
159.293,65.972,96.414,68.057
159.293,74.972,96.414,68.057
158.811,83.631,97.378,68.737
159.771,95.309,95.459,67.383
157.811,103.631,97.378,68.737
158.771,112.309,95.459,67.383
159.711,112.972,93.578,66.055
160.174,110.299,92.652,65.401
159.711,102.972,93.578,66.055
163.633,95.623,91.734,64.754
165.174,89.299,92.652,65.401
167.174,83.299,92.652,65.401
168.243,77.642,94.514,66.716
171.243,75.642,94.514,66.716
171.771,74.309,95.459,67.383
173.711,75.972,93.578,66.055
174.633,81.623,91.734,64.754
175.537,88.261,89.927,63.478
176.423,95.887,88.155,62.227
177.859,102.195,87.282,61.611
178.719,106.802,85.562,60.397
179.562,107.397,83.876,59.207
178.977,103.690,83.046,58.621
179.795,98.267,81.409,57.465
180.597,91.833,79.805,56.333
179.795,85.267,81.409,57.465
179.795,81.267,81.409,57.465
181.198,79.552,80.603,56.897
181.992,80.112,79.015,55.775
182.384,81.388,78.233,55.223
183.771,86.662,77.458,54.676
185.534,93.200,75.932,53.599
186.282,99.729,74.436,52.543
186.282,102.729,74.436,52.543
187.015,103.246,72.969,51.508
186.377,102.501,72.247,50.998
186.088,98.004,70.823,49.993
185.786,94.496,69.428,49.008
186.470,91.979,68.060,48.042
185.130,90.739,68.740,48.523
183.807,90.217,67.386,47.566
181.471,90.685,66.058,46.629
176.807,92.217,67.386,47.566
172.470,92.979,68.060,48.042
171.807,95.217,67.386,47.566
170.807,97.217,67.386,47.566
172.807,100.217,67.386,47.566
178.471,102.685,66.058,46.629
183.798,103.916,65.404,46.168
192.442,105.371,64.115,45.258
198.442,106.371,64.115,45.258
203.798,106.916,65.404,46.168
211.122,107.145,64.756,45.710
216.442,108.371,64.115,45.258
222.122,110.145,64.756,45.710
224.442,111.371,64.115,45.258
226.798,111.916,65.404,46.168
229.442,113.371,64.115,45.258
233.074,114.817,62.852,44.366
232.760,114.595,63.481,44.810
232.385,115.037,62.230,43.927
229.760,114.595,63.481,44.810
227.442,114.371,64.115,45.258
225.074,114.817,62.852,44.366
220.760,114.595,63.481,44.810
216.122,113.145,64.756,45.710
211.471,111.685,66.058,46.629
207.798,110.916,65.404,46.168
203.442,111.371,64.115,45.258
198.798,108.916,65.404,46.168
194.442,109.371,64.115,45.258
190.122,107.145,64.756,45.710
184.442,106.371,64.115,45.258
179.798,103.916,65.404,46.168
175.141,102.452,66.719,47.096
170.807,100.217,67.386,47.566
167.471,99.685,66.058,46.629
164.122,99.145,64.756,45.710
163.760,97.595,63.481,44.810
162.074,97.817,62.852,44.366
161.074,96.817,62.852,44.366
159.760,96.595,63.481,44.810
158.442,96.371,64.115,45.258
158.074,95.817,62.852,44.366
156.442,95.371,64.115,45.258
156.122,95.145,64.756,45.710
156.442,95.371,64.115,45.258
155.442,95.371,64.115,45.258
156.074,95.817,62.852,44.366
156.385,97.037,62.230,43.927
156.998,98.469,61.004,43.061
158.693,98.254,61.614,43.492
158.693,98.254,61.614,43.492
159.385,99.037,62.230,43.927
161.074,99.817,62.852,44.366
162.074,100.817,62.852,44.366
164.693,102.254,61.614,43.492
165.074,102.817,62.852,44.366
165.442,104.371,64.115,45.258
166.798,104.916,65.404,46.168
168.122,108.145,64.756,45.710
172.442,110.371,64.115,45.258
172.798,110.916,65.404,46.168
174.798,111.916,65.404,46.168
176.141,114.452,66.719,47.096
178.798,116.916,65.404,46.168
181.442,118.371,64.115,45.258
182.442,119.371,64.115,45.258
184.074,120.817,62.852,44.366
185.442,121.371,64.115,45.258
188.442,122.371,64.115,45.258
190.074,124.817,62.852,44.366
192.074,125.817,62.852,44.366
194.693,127.254,61.614,43.492
196.998,128.469,61.004,43.061
198.599,129.894,59.802,42.213
200.188,129.309,58.623,41.381
201.479,129.514,58.043,40.971
203.050,127.918,56.899,40.164
207.611,127.314,55.778,39.373
208.611,127.314,55.778,39.373
210.887,126.509,55.226,38.983
211.887,125.509,55.226,38.983
214.161,125.702,54.679,38.597
215.699,126.082,53.602,37.836
218.227,126.455,52.545,37.091
219.487,126.638,52.025,36.724
220.745,127.820,51.510,36.360
221.000,129.000,51.000,36.000
222.252,129.178,50.495,35.644
222.750,130.529,49.500,34.941
224.238,131.874,48.525,34.253
224.716,133.211,47.569,33.578
226.184,133.542,46.631,32.916
227.644,132.866,45.713,32.268
227.644,131.866,45.713,32.268
227.644,131.866,45.713,32.268
227.094,131.184,44.812,31.632
227.536,131.496,43.929,31.009
228.536,129.496,43.929,31.009
229.094,127.184,44.812,31.632
229.644,125.866,45.713,32.268
230.094,124.184,44.812,31.632
230.536,123.496,43.929,31.009
230.536,122.496,43.929,31.009
230.753,122.649,43.494,30.702
230.536,122.496,43.929,31.009
230.968,122.801,43.063,30.398
230.536,122.496,43.929,31.009
230.536,123.496,43.929,31.009
229.968,123.801,43.063,30.398
230.182,124.952,42.637,30.097
227.968,124.801,43.063,30.398
227.536,124.496,43.929,31.009
227.316,125.341,44.368,31.319
229.536,125.496,43.929,31.009
231.968,125.801,43.063,30.398
232.536,125.496,43.929,31.009
232.968,125.801,43.063,30.398
232.393,126.101,42.215,29.799
229.809,126.394,41.383,29.211
226.809,126.394,41.383,29.211
222.602,125.248,41.797,29.504
218.602,125.248,41.797,29.504
215.809,125.394,41.383,29.211
213.216,125.682,40.568,28.636
210.216,125.682,40.568,28.636
207.616,125.964,39.768,28.072
206.216,125.682,40.568,28.636
204.216,125.682,40.568,28.636
203.616,125.964,39.768,28.072
202.417,125.824,40.166,28.352
202.616,125.964,39.768,28.072
201.417,125.824,40.166,28.352
201.013,125.539,40.973,28.922
200.602,125.248,41.797,29.504
201.602,125.248,41.797,29.504
201.602,125.248,41.797,29.504
201.393,125.101,42.215,29.799
202.393,125.101,42.215,29.799
203.809,125.394,41.383,29.211
203.393,125.101,42.215,29.799
204.602,124.248,41.797,29.504
204.393,124.101,42.215,29.799
204.968,123.801,43.063,30.398
205.968,123.801,43.063,30.398
209.393,126.101,42.215,29.799
210.809,128.394,41.383,29.211
210.393,131.101,42.215,29.799
209.968,132.801,43.063,30.398
210.968,135.801,43.063,30.398
211.182,138.952,42.637,30.097
210.393,139.101,42.215,29.799
209.602,141.248,41.797,29.504
209.809,142.394,41.383,29.211
209.809,142.394,41.383,29.211
210.393,142.101,42.215,29.799
211.393,142.101,42.215,29.799
213.809,142.394,41.383,29.211
214.393,142.101,42.215,29.799
215.182,141.952,42.637,30.097
217.602,142.248,41.797,29.504
218.182,141.952,42.637,30.097
219.182,141.952,42.637,30.097
220.602,142.248,41.797,29.504
221.393,142.101,42.215,29.799
222.182,141.952,42.637,30.097
225.602,145.248,41.797,29.504
225.182,146.952,42.637,30.097
225.393,153.101,42.215,29.799
222.602,162.248,41.797,29.504
218.809,174.394,41.383,29.211
